Starting Dynare (version 4.4.2).
Starting preprocessing of the model file ...
Found 39 equation(s).
Evaluating expressions...done
Computing static model derivatives:
 - order 1
Computing dynamic model derivatives:
 - order 1
Processing outputs ...done
Preprocessing completed.
Starting MATLAB/Octave computing.

EIGENVALUES:
         Modulus             Real        Imaginary

       4.412e-18        4.412e-18                0
       2.098e-17        2.098e-17                0
       7.119e-17       -7.119e-17                0
       1.296e-16        1.296e-16                0
       3.486e-15       -3.486e-15                0
          0.2175           0.2175                0
            0.66             0.66                0
          0.7635           0.7635                0
           0.779            0.779                0
          0.8541           0.8477           0.1047
          0.8541           0.8477          -0.1047
            0.95             0.95                0
            0.95             0.95                0
          0.9591           0.9591                0
            1.01             1.01                0
           1.019            1.019                0
           1.054            1.054                0
           1.159            1.127           0.2719
           1.159            1.127          -0.2719
           1.232            1.232                0
           1.245            1.245                0
           1.297            1.297                0
       6.203e+17        6.203e+17                0
       4.536e+18       -4.536e+18                0
             Inf              Inf                0
             Inf              Inf                0


There are 12 eigenvalue(s) larger than 1 in modulus 
for 12 forward-looking variable(s)

The rank condition is verified.


STEADY-STATE RESULTS:

Y        		 -0.163949
Ym       		 -0.163949
K        		 1.7337
Keff     		 1.7337
L        		 -1.09861
I        		 -1.95518
C        		 -0.620847
G        		 -1.77339
Q        		 0
varrho   		 0.663958
Lambda   		 0
Rk       		 0.0125223
R        		 0.0100503
N        		 0.347407
Ne       		 0.338456
Nn       		 -4.37305
nu       		 -5.58873
eta      		 0.412785
phi      		 1.38629
z        		 0.0199017
x        		 0.0199017
Pm       		 -0.274412
w        		 0.259774
VMPK     		 -3.28072
U        		 0
X        		 0.274412
D        		 0
F        		 1.03659
Z        		 1.311
i        		 0.0100503
prem     		 0.00247194
delta    		 -3.68888
In       		 0
Welf     		 -296.621
a        		 0
ksi      		 0
g        		 0
infl     		 0
inflstar 		 0

MODEL SUMMARY

  Number of variables:         39
  Number of stochastic shocks: 5
  Number of state variables:   14
  Number of jumpers:           12
  Number of static variables:  16


MATRIX OF COVARIANCE OF EXOGENOUS SHOCKS

Variables      e_a      e_ksi      e_g      e_Ne       e_i   
e_a          0.000100  0.000000  0.000000  0.000000  0.000000
e_ksi        0.000000  0.002500  0.000000  0.000000  0.000000
e_g          0.000000  0.000000  0.000100  0.000000  0.000000
e_Ne         0.000000  0.000000  0.000000  0.000100  0.000000
e_i          0.000000  0.000000  0.000000  0.000000  0.000100

POLICY AND TRANSITION FUNCTIONS
                                Y               Ym              K               Keff            L               I               C               G               Q               varrho          Lambda          Rk              R               N               Ne              Nn              nu              eta             phi             z               x               Pm              w               VMPK            U               X               D               F               Z               i               prem            delta           In              Welf            a               ksi             g               infl            inflstar
Constant                   -0.163949       -0.163949        1.733701        1.733701       -1.098612       -1.955178       -0.620847       -1.773387               0        0.663958               0        0.012522        0.010050        0.347407        0.338456       -4.373048       -5.588728        0.412785        1.386294        0.019902        0.019902       -0.274412        0.259774       -3.280724               0        0.274412               0        1.036590        1.311002        0.010050        0.002472       -3.688879               0     -296.620688               0               0               0               0               0
K(-1)                       0.026676        0.026676        0.974213        1.000000       -0.399214       -0.194881        0.093444               0       -0.547678       -0.618553       -0.618553       -0.569908        0.004114       -2.238677       -2.262873        0.452322        5.067132        2.615048        2.665212       -2.262873        0.402339        0.082480        0.508370       -0.890844       -0.108639       -0.082480               0       -0.679314       -0.514976       -0.059623        0.082701       -0.163398       -0.145995       10.991099               0               0               0       -0.046622       -0.210959
Q(-1)                      -0.228521       -0.228521       -0.036855               0       -0.334825       -1.493306        0.032366               0       -0.957112       -0.323165       -0.323165       -1.948595        0.008811       -7.676656       -7.737073       -0.957112       12.705204        6.556907        6.682688       -7.737073       -1.054384        0.124449        0.230753       -0.104071       -0.012692       -0.124449               0       -1.104905       -0.893837       -0.074263        0.221997       -0.019089       -0.208660       -3.428200               0               0               0       -0.059879       -0.270947
varrho(-1)                         0               0               0               0               0               0               0               0               0               0       -1.000000               0               0               0               0               0               0               0               0               0               0               0               0               0               0               0               0               0               0               0               0               0               0               0               0               0               0               0               0
R(-1)                      -0.170967       -0.170967       -0.027573               0       -0.250498       -1.117214        0.024215               0       -0.716062       -0.241775       -0.241775       -0.709690        0.006592       -5.743277       -5.788478       -0.716061        9.505377        4.905539        4.999642       -5.788478       -0.788836        0.093107        0.172638       -0.077861       -0.009495       -0.093107               0       -0.826633       -0.668723       -0.055560        0.166087       -0.014281       -0.156108       -2.564802               0               0               0       -0.044799       -0.202709
N(-1)                       0.057553        0.057553        0.009282               0        0.084326        0.376092       -0.008151               0        0.241050        0.081390        0.081390        0.238905       -0.002219        1.933379        1.948595        0.241050       -3.199827       -1.651368       -1.683046        0.948595       -0.734452       -0.031343       -0.058116        0.026211        0.003196        0.031343               0        0.278272        0.225114        0.018703       -0.055910        0.004808        0.052551        0.863398               0               0               0        0.015081        0.068238
phi(-1)                     0.000564        0.000564        0.000091               0        0.000827        0.003687       -0.000080               0        0.002363        0.000798        0.000798        0.002342       -0.000022        0.018953        0.019102        0.002363       -0.031368       -0.016188       -0.016499        0.019102       -0.997397       -0.000307       -0.000570        0.000257        0.000031        0.000307               0        0.002728        0.002207        0.000183       -0.000548        0.000047        0.000515        0.008464               0               0               0        0.000148        0.000669
D(-1)                      -0.180769        0.598231       -0.027125               0        0.818643       -0.858305       -0.059444               0       -0.855109        0.587625        0.587625       -0.804170        0.145782       -3.172196       -3.193029       -0.855109        4.353701        2.246860        2.289961       -3.193029       -0.903068        0.637733       -0.361679        0.456964        0.150727       -0.637733        0.779000        0.047751       -0.295730        0.225884        0.123116        0.226700       -0.153571       -6.198658               0               0               0        0.097445        0.440926
a(-1)                       0.411747        0.411747        0.047372               0       -0.800012        1.884666        0.153921               0        1.165269       -0.965041       -0.965041        1.148950       -0.100927        4.531741        4.562010        1.165269       -6.310310       -3.256628       -3.319100        4.562010        1.242910       -0.467522        0.744238       -0.055775       -0.006802        0.467522               0        0.759404        0.927006       -0.129763       -0.153134       -0.010230        0.268202       30.118242        0.950000               0               0       -0.047548       -0.215151
ksi(-1)                     0.404710        0.404710        0.694540        0.660000        0.279091        2.041243        0.101575               0        1.469921       -0.301866       -0.301866        2.111563        0.071069        8.328421        8.384153        2.129920      -11.718992       -6.047942       -6.163960        8.384153        2.220193        0.253276        0.378895       -0.002015       -0.000246       -0.253276               0        1.061856        0.738902        0.169091       -0.216753       -0.000370        0.195552       27.208139               0        0.660000               0        0.091621        0.414575
g(-1)                       0.175013        0.175013       -0.001536               0        0.249016       -0.024174       -0.017301        0.950000       -0.047364        0.114678        0.114678       -0.040153        0.007380       -0.158433       -0.159432       -0.047363        0.208248        0.107473        0.109534       -0.159432       -0.049898        0.028054       -0.045949        0.203067        0.024764       -0.028054               0        0.192027        0.163218        0.015767        0.010264        0.037247       -0.008693       -4.346069               0               0        0.950000        0.008173        0.036983
C(-1)                       0.473385        0.473385       -0.007171               0        0.667897       -0.168825        0.792011               0       -0.229897        0.208810        0.208810       -0.206057        0.040215       -0.812928       -0.818170       -0.229897        1.094831        0.565021        0.575860       -0.818170       -0.242310        0.170042       -0.024470        0.643426        0.078467       -0.170042               0        0.387794        0.277177        0.068328        0.039532        0.118017       -0.040599       -3.831154               0               0               0        0.031382        0.141999
In(-1)                      0.876408        0.876408        0.124287               0        1.224586        5.226411        0.007702               0       -0.751883        0.172668        0.172668       -0.697209        0.116958       -2.750363       -2.768332       -0.751882        4.035829        2.082812        2.122767       -2.768332       -0.645565        0.513496        0.165317        1.389903        0.169500       -0.513496               0        0.545885        0.275317        0.179326        0.010848        0.254935        0.703659        0.636945               0               0               0        0.076759        0.347327
infl(-1)                   -0.096739       -0.096739       -0.012272               0       -0.121801       -0.559832       -0.005344               0       -0.504488        0.220597        0.220597       -0.510470        0.239790       -2.013301       -2.026867       -0.504488        2.845242        1.468373        1.496541       -2.026867       -0.530326       -0.279276       -0.254214       -0.376014       -0.045855        0.279276               0       -0.619327       -0.471914        0.263860        0.050452       -0.068968       -0.069476       -0.857895               0               0               0        0.199179        0.051766
e_a                        -0.433418       -0.433418       -0.049866               0        0.842118       -1.983859       -0.162022               0       -1.226599        1.015833        1.015833       -1.209421        0.106239       -4.770254       -4.802116       -1.226599        6.642432        3.428029        3.493789       -4.802116       -1.308327        0.492128       -0.783408        0.058710        0.007160       -0.492128               0       -0.799373       -0.975796        0.136592        0.161193        0.010769       -0.282318      -31.703413       -1.000000               0               0        0.050051        0.226474
e_ksi                      -0.613196       -0.613196       -1.052334       -1.000000       -0.422865       -3.092793       -0.153902               0       -2.227152        0.457372        0.457372       -3.199338       -0.107681      -12.618819      -12.703262       -3.227151       17.756048        9.163548        9.339333      -12.703262       -3.363929       -0.383751       -0.574083        0.003053        0.000372        0.383751               0       -1.608873       -1.119549       -0.256198        0.328413        0.000560       -0.296292      -41.224454               0       -1.000000               0       -0.138820       -0.628144
e_g                        -0.184224       -0.184224        0.001616               0       -0.262123        0.025446        0.018211       -1.000000        0.049856       -0.120713       -0.120713        0.042267       -0.007769        0.166772        0.167823        0.049856       -0.219208       -0.113129       -0.115299        0.167823        0.052524       -0.029531        0.048368       -0.213755       -0.026068        0.029531               0       -0.202134       -0.171808       -0.016596       -0.010804       -0.039207        0.009151        4.574810               0               0       -1.000000       -0.008603       -0.038929
e_Ne                       -0.057553       -0.057553       -0.009282               0       -0.084326       -0.376092        0.008151               0       -0.241050       -0.081390       -0.081390       -0.238905        0.002219       -1.933379       -1.948595       -0.241050        3.199827        1.651368        1.683046       -0.948595        0.734452        0.031343        0.058116       -0.026211       -0.003196       -0.031343               0       -0.278272       -0.225114       -0.018703        0.055910       -0.004808       -0.052551       -0.863398               0               0               0       -0.015081       -0.068238
e_i                        -0.244161       -0.244161       -0.031291               0       -0.304971       -1.433181       -0.008166               0       -1.370696        0.600585        0.600585       -1.385908        0.834635       -5.466052       -5.502874       -1.370695        7.726648        3.987572        4.064065       -5.502875       -1.438809       -0.745567       -0.684757       -0.989728       -0.120699        0.745567               0       -1.561289       -1.231485        0.766457        0.138407       -0.181535       -0.177157       -2.235225               0               0               0       -0.093564       -0.423369


MOMENTS OF SIMULATED VARIABLES

VARIABLE      MEAN      STD. DEV.   VARIANCE    SKEWNESS    KURTOSIS  
Y            -0.129584    0.169941    0.028880   -0.258298   -0.177761
Ym           -0.129584    0.169941    0.028880   -0.258298   -0.177761
K             1.909911    0.647515    0.419275   -0.409132   -0.313827
Keff          1.914998    0.661754    0.437919   -0.414472   -0.312066
L            -1.128449    0.137440    0.018890    0.270257   -0.284039
I            -2.003792    0.682043    0.465183    0.107573    0.055793
C            -0.551320    0.241172    0.058164   -0.447160   -0.210760
G            -1.781171    0.032754    0.001073   -0.376459   -0.036787
Q             0.005397    0.141297    0.019965   -0.108730    0.042158
varrho        0.588488    0.273025    0.074543    0.418167   -0.241820
Lambda        0.000150    0.032119    0.001032   -0.023103    0.044793
Rk            0.012364    0.164613    0.027098   -0.051617    0.008591
R             0.009154    0.018905    0.000357    0.064872    0.024165
N             0.714229    1.548133    2.396715   -0.280299   -0.221038
Ne            0.706897    1.556230    2.421852   -0.279773   -0.220696
Nn           -4.186354    0.686157    0.470811   -0.395668   -0.274710
nu           -5.940862    1.769066    3.129596    0.191783   -0.140998
eta           0.231056    0.912980    0.833533    0.191783   -0.140998
phi           1.201079    0.930494    0.865819    0.191783   -0.140998
z             0.020051    0.659020    0.434308   -0.056222    0.015438
x             0.021049    0.171521    0.029420   -0.048663   -0.018836
Pm           -0.271378    0.046931    0.002203   -0.040315   -0.083630
w             0.327009    0.250137    0.062569   -0.401593   -0.236024
VMPK         -3.424624    0.510102    0.260204    0.429677   -0.326014
U            -0.017549    0.062208    0.003870    0.429677   -0.326014
X             0.271378    0.046931    0.002203    0.040315   -0.083630
D            -0.000000    0.000000    0.000000    0.327683   -0.343638
F             1.032704    0.155005    0.024026   -0.004769    0.038148
Z             1.315284    0.109300    0.011946   -0.056972    0.065133
i             0.005880    0.035468    0.001258    0.138841   -0.016096
prem         -0.001734    0.032187    0.001036    0.087741   -0.084688
delta        -3.715273    0.093563    0.008754    0.429677   -0.326014
In           -0.028806    0.124128    0.015408    0.316951   -0.303124
Welf       -294.421825    8.401195   70.580083   -0.358323   -0.261725
a             0.000318    0.029270    0.000857   -0.051811    0.254329
ksi           0.004740    0.065051    0.004232   -0.094344    0.001715
g            -0.007784    0.032754    0.001073   -0.376459   -0.036787
infl         -0.003049    0.020381    0.000415    0.183613   -0.063665
inflstar     -0.011218    0.076492    0.005851    0.169450   -0.061970


CORRELATION OF SIMULATED VARIABLES

VARIABLE       Y        Ym         K       Keff        L         I         C         G         Q      varrho    Lambda      Rk         R         N        Ne        Nn        nu        eta       phi        z         x        Pm         w       VMPK        U         X         D         F         Z         i       prem      delta      In       Welf        a        ksi        g       infl    inflstar 
Y             1.0000    1.0000    0.8766    0.8644   -0.1314    0.4790    0.7552    0.0194    0.3338   -0.8384   -0.3854    0.0427    0.3989    0.9245    0.9243    0.9024   -0.8774   -0.8774   -0.8774   -0.0072    0.1283    0.7652    0.8951   -0.7179   -0.7179   -0.7652   -0.9037    0.4865    0.6672    0.1757   -0.8275   -0.7179   -0.2032    0.9431    0.2735    0.5322    0.0194    0.0673    0.0504
Ym            1.0000    1.0000    0.8766    0.8644   -0.1314    0.4790    0.7552    0.0194    0.3338   -0.8384   -0.3854    0.0427    0.3989    0.9245    0.9243    0.9024   -0.8774   -0.8774   -0.8774   -0.0072    0.1283    0.7652    0.8951   -0.7179   -0.7179   -0.7652   -0.9037    0.4865    0.6672    0.1757   -0.8275   -0.7179   -0.2032    0.9431    0.2735    0.5322    0.0194    0.0673    0.0504
K             0.8766    0.8766    1.0000    0.9997   -0.5706    0.0152    0.9659   -0.0436    0.0825   -0.9893   -0.0955   -0.0500    0.0163    0.8715    0.8709    0.9811   -0.7416   -0.7416   -0.7416   -0.0672   -0.0026    0.4491    0.9933   -0.9635   -0.9635   -0.4491   -0.9801    0.0607    0.2845   -0.2575   -0.5640   -0.9635   -0.6397    0.9682    0.1018    0.2813   -0.0436   -0.3755   -0.3836
Keff          0.8644    0.8644    0.9997    1.0000   -0.5909   -0.0102    0.9714   -0.0440    0.0691   -0.9912   -0.0787   -0.0544   -0.0056    0.8626    0.8619    0.9787   -0.7290   -0.7290   -0.7290   -0.0695   -0.0094    0.4279    0.9922   -0.9699   -0.9699   -0.4279   -0.9772    0.0380    0.2631   -0.2800   -0.5457   -0.9699   -0.6590    0.9632    0.0973    0.2659   -0.0440   -0.3976   -0.4050
L            -0.1314   -0.1314   -0.5706   -0.5909    1.0000    0.7950   -0.7418    0.0842    0.4058    0.6475   -0.4731    0.1770    0.7077   -0.2030   -0.2018   -0.4863    0.0023    0.0023    0.0023    0.1216    0.2277    0.4454   -0.5551    0.7638    0.7638   -0.4454    0.4940    0.7063    0.5231    0.8929   -0.2755    0.7638    0.9826   -0.4091   -0.0359    0.3614    0.0842    0.9518    0.9374
I             0.4790    0.4790    0.0152   -0.0102    0.7950    1.0000   -0.2124    0.0167    0.5272    0.0689   -0.6635    0.1746    0.8601    0.3537    0.3547    0.0987   -0.4979   -0.4979   -0.4979    0.0953    0.2707    0.8356    0.0454    0.2497    0.2497   -0.8356   -0.1151    0.8958    0.8433    0.8831   -0.7216    0.2497    0.7588    0.1987    0.1812    0.6090    0.0167    0.8661    0.8411
C             0.7552    0.7552    0.9659    0.9714   -0.7418   -0.2124    1.0000   -0.0337   -0.0226   -0.9860    0.0649   -0.0834   -0.1967    0.7664    0.7656    0.9322   -0.6064   -0.6064   -0.6064   -0.0799   -0.0596    0.2294    0.9637   -0.9875   -0.9875   -0.2294   -0.9226   -0.1291    0.1106   -0.4633   -0.3839   -0.9875   -0.7928    0.9031    0.1637    0.1380   -0.0337   -0.5718   -0.5720
G             0.0194    0.0194   -0.0436   -0.0440    0.0842    0.0167   -0.0337    1.0000    0.0340    0.0429    0.0095    0.0190    0.0004   -0.0259   -0.0259   -0.0354    0.0180    0.0180    0.0180    0.0210    0.0182   -0.0051   -0.0340    0.0631    0.0631    0.0051    0.0619    0.0792    0.0906    0.0251    0.0121    0.0631    0.0394   -0.0407    0.1318    0.0163    1.0000    0.0384    0.0412
Q             0.3338    0.3338    0.0825    0.0691    0.4058    0.5272   -0.0226    0.0340    1.0000   -0.0556   -0.7729    0.7305    0.5175    0.5439    0.5448    0.2726   -0.6956   -0.6956   -0.6956    0.6952    0.7798    0.6311    0.1222    0.0796    0.0796   -0.6311   -0.0045    0.8388    0.8276    0.6294   -0.7653    0.0796    0.3493    0.3062    0.0895    0.9539    0.0340    0.6408    0.6879
varrho       -0.8384   -0.8384   -0.9893   -0.9912    0.6475    0.0689   -0.9860    0.0429   -0.0556    1.0000    0.0589    0.0343    0.0833   -0.8336   -0.8329   -0.9673    0.6900    0.6900    0.6900    0.0427   -0.0033   -0.3621   -0.9933    0.9732    0.9732    0.3621    0.9643    0.0054   -0.2306    0.3499    0.4971    0.9732    0.6976   -0.9534   -0.1924   -0.2344    0.0429    0.4603    0.4629
Lambda       -0.3854   -0.3854   -0.0955   -0.0787   -0.4731   -0.6635    0.0649    0.0095   -0.7729    0.0589    1.0000   -0.7372   -0.5443   -0.4704   -0.4712   -0.2350    0.5987    0.5987    0.5987   -0.6773   -0.7930   -0.7146   -0.1360   -0.0921   -0.0921    0.7146    0.0960   -0.7892   -0.7676   -0.6282    0.7158   -0.0921   -0.4468   -0.2910   -0.0977   -0.7922    0.0095   -0.6466   -0.6747
Rk            0.0427    0.0427   -0.0500   -0.0544    0.1770    0.1746   -0.0834    0.0190    0.7305    0.0343   -0.7372    1.0000    0.1836    0.2633    0.2639    0.0980   -0.3619   -0.3619   -0.3619    0.9957    0.9923    0.3073   -0.0106    0.1131    0.1131   -0.3073    0.1256    0.4555    0.4265    0.3106   -0.3849    0.1131    0.1648    0.1070    0.0177    0.6742    0.0190    0.3291    0.4013
R             0.3989    0.3989    0.0163   -0.0056    0.7077    0.8601   -0.1967    0.0004    0.5175    0.0833   -0.5443    0.1836    1.0000    0.3453    0.3462    0.1012   -0.4846   -0.4846   -0.4846    0.1126    0.2701    0.7150    0.0164    0.2059    0.2059   -0.7150   -0.0766    0.7811    0.7135    0.9292   -0.6705    0.2059    0.6512    0.1828   -0.0129    0.6396    0.0004    0.7950    0.7751
N             0.9245    0.9245    0.8715    0.8626   -0.2030    0.3537    0.7664   -0.0259    0.5439   -0.8336   -0.4704    0.2633    0.3453    1.0000    1.0000    0.9439   -0.9747   -0.9747   -0.9747    0.2238    0.3360    0.7433    0.8791   -0.7427   -0.7427   -0.7433   -0.8315    0.5071    0.6788    0.1646   -0.8812   -0.7427   -0.2966    0.9550    0.0913    0.7021   -0.0259    0.0678    0.0757
Ne            0.9243    0.9243    0.8709    0.8619   -0.2018    0.3547    0.7656   -0.0259    0.5448   -0.8329   -0.4712    0.2639    0.3462    1.0000    1.0000    0.9435   -0.9750   -0.9750   -0.9750    0.2244    0.3367    0.7439    0.8785   -0.7418   -0.7418   -0.7439   -0.8308    0.5082    0.6797    0.1658   -0.8818   -0.7418   -0.2954    0.9547    0.0912    0.7030   -0.0259    0.0690    0.0770
Nn            0.9024    0.9024    0.9811    0.9787   -0.4863    0.0987    0.9322   -0.0354    0.2726   -0.9673   -0.2350    0.0980    0.1012    0.9439    0.9435    1.0000   -0.8463   -0.8463   -0.8463    0.0761    0.1515    0.5426    0.9821   -0.9191   -0.9191   -0.5426   -0.9434    0.2094    0.4242   -0.1404   -0.6839   -0.9191   -0.5637    0.9920    0.1122    0.4528   -0.0354   -0.2515   -0.2489
nu           -0.8774   -0.8774   -0.7416   -0.7290    0.0023   -0.4979   -0.6064    0.0180   -0.6956    0.6900    0.5987   -0.3619   -0.4846   -0.9747   -0.9750   -0.8463    1.0000    1.0000    1.0000   -0.3136   -0.4425   -0.8283   -0.7528    0.5772    0.5772    0.8283    0.7007   -0.6741   -0.8057   -0.3575    0.9574    0.5772    0.1013   -0.8687   -0.0675   -0.8276    0.0180   -0.2767   -0.2884
eta          -0.8774   -0.8774   -0.7416   -0.7290    0.0023   -0.4979   -0.6064    0.0180   -0.6956    0.6900    0.5987   -0.3619   -0.4846   -0.9747   -0.9750   -0.8463    1.0000    1.0000    1.0000   -0.3136   -0.4425   -0.8283   -0.7528    0.5772    0.5772    0.8283    0.7007   -0.6741   -0.8057   -0.3575    0.9574    0.5772    0.1013   -0.8687   -0.0675   -0.8276    0.0180   -0.2767   -0.2884
phi          -0.8774   -0.8774   -0.7416   -0.7290    0.0023   -0.4979   -0.6064    0.0180   -0.6956    0.6900    0.5987   -0.3619   -0.4846   -0.9747   -0.9750   -0.8463    1.0000    1.0000    1.0000   -0.3136   -0.4425   -0.8283   -0.7528    0.5772    0.5772    0.8283    0.7007   -0.6741   -0.8057   -0.3575    0.9574    0.5772    0.1013   -0.8687   -0.0675   -0.8276    0.0180   -0.2767   -0.2884
z            -0.0072   -0.0072   -0.0672   -0.0695    0.1216    0.0953   -0.0799    0.0210    0.6952    0.0427   -0.6773    0.9957    0.1126    0.2238    0.2244    0.0761   -0.3136   -0.3136   -0.3136    1.0000    0.9794    0.2319   -0.0282    0.1091    0.1091   -0.2319    0.1507    0.3883    0.3616    0.2437   -0.3216    0.1091    0.1149    0.0782    0.0177    0.6259    0.0210    0.2657    0.3410
x             0.1283    0.1283   -0.0026   -0.0094    0.2277    0.2707   -0.0596    0.0182    0.7798   -0.0033   -0.7930    0.9923    0.2701    0.3360    0.3367    0.1515   -0.4425   -0.4425   -0.4425    0.9794    1.0000    0.4056    0.0382    0.0923    0.0923   -0.4056    0.0701    0.5418    0.5177    0.3849   -0.4785    0.0923    0.2078    0.1691    0.0340    0.7410    0.0182    0.3956    0.4635
Pm            0.7652    0.7652    0.4491    0.4279    0.4454    0.8356    0.2294   -0.0051    0.6311   -0.3621   -0.7146    0.3073    0.7150    0.7433    0.7439    0.5426   -0.8283   -0.8283   -0.8283    0.2319    0.4056    1.0000    0.4627   -0.2082   -0.2082   -1.0000   -0.4919    0.8465    0.8802    0.6652   -0.9252   -0.2082    0.3492    0.6028   -0.0051    0.7872   -0.0051    0.6353    0.6270
w             0.8951    0.8951    0.9933    0.9922   -0.5551    0.0454    0.9637   -0.0340    0.1222   -0.9933   -0.1360   -0.0106    0.0164    0.8791    0.8785    0.9821   -0.7528   -0.7528   -0.7528   -0.0282    0.0382    0.4627    1.0000   -0.9464   -0.9464   -0.4627   -0.9777    0.1013    0.3310   -0.2465   -0.5844   -0.9464   -0.6124    0.9786    0.2046    0.3107   -0.0340   -0.3580   -0.3632
VMPK         -0.7179   -0.7179   -0.9635   -0.9699    0.7638    0.2497   -0.9875    0.0631    0.0796    0.9732   -0.0921    0.1131    0.2059   -0.7427   -0.7418   -0.9191    0.5772    0.5772    0.5772    0.1091    0.0923   -0.2082   -0.9464    1.0000    1.0000    0.2082    0.9214    0.1907   -0.0381    0.4829    0.3471    1.0000    0.8194   -0.8799   -0.0355   -0.0952    0.0631    0.5966    0.5999
U            -0.7179   -0.7179   -0.9635   -0.9699    0.7638    0.2497   -0.9875    0.0631    0.0796    0.9732   -0.0921    0.1131    0.2059   -0.7427   -0.7418   -0.9191    0.5772    0.5772    0.5772    0.1091    0.0923   -0.2082   -0.9464    1.0000    1.0000    0.2082    0.9214    0.1907   -0.0381    0.4829    0.3471    1.0000    0.8194   -0.8799   -0.0355   -0.0952    0.0631    0.5966    0.5999
X            -0.7652   -0.7652   -0.4491   -0.4279   -0.4454   -0.8356   -0.2294    0.0051   -0.6311    0.3621    0.7146   -0.3073   -0.7150   -0.7433   -0.7439   -0.5426    0.8283    0.8283    0.8283   -0.2319   -0.4056   -1.0000   -0.4627    0.2082    0.2082    1.0000    0.4919   -0.8465   -0.8802   -0.6652    0.9252    0.2082   -0.3492   -0.6028    0.0051   -0.7872    0.0051   -0.6353   -0.6270
D            -0.9037   -0.9037   -0.9801   -0.9772    0.4940   -0.1151   -0.9226    0.0619   -0.0045    0.9643    0.0960    0.1256   -0.0766   -0.8315   -0.8308   -0.9434    0.7007    0.7007    0.7007    0.1507    0.0701   -0.4919   -0.9777    0.9214    0.9214    0.4919    1.0000   -0.0800   -0.2962    0.2089    0.5573    0.9214    0.5496   -0.9475   -0.1564   -0.2256    0.0619    0.3293    0.3489
F             0.4865    0.4865    0.0607    0.0380    0.7063    0.8958   -0.1291    0.0792    0.8388    0.0054   -0.7892    0.4555    0.7811    0.5071    0.5082    0.2094   -0.6741   -0.6741   -0.6741    0.3883    0.5418    0.8465    0.1013    0.1907    0.1907   -0.8465   -0.0800    1.0000    0.9684    0.8600   -0.8471    0.1907    0.6477    0.2880    0.1855    0.8573    0.0792    0.8664    0.8735
Z             0.6672    0.6672    0.2845    0.2631    0.5231    0.8433    0.1106    0.0906    0.8276   -0.2306   -0.7676    0.4265    0.7135    0.6788    0.6797    0.4242   -0.8057   -0.8057   -0.8057    0.3616    0.5177    0.8802    0.3310   -0.0381   -0.0381   -0.8802   -0.2962    0.9684    1.0000    0.7330   -0.9278   -0.0381    0.4613    0.4996    0.2915    0.8733    0.0906    0.7179    0.7248
i             0.1757    0.1757   -0.2575   -0.2800    0.8929    0.8831   -0.4633    0.0251    0.6294    0.3499   -0.6282    0.3106    0.9292    0.1646    0.1658   -0.1404   -0.3575   -0.3575   -0.3575    0.2437    0.3849    0.6652   -0.2465    0.4829    0.4829   -0.6652    0.2089    0.8600    0.7330    1.0000   -0.5915    0.4829    0.8465   -0.0600   -0.0393    0.6606    0.0251    0.9582    0.9507
prem         -0.8275   -0.8275   -0.5640   -0.5457   -0.2755   -0.7216   -0.3839    0.0121   -0.7653    0.4971    0.7158   -0.3849   -0.6705   -0.8812   -0.8818   -0.6839    0.9574    0.9574    0.9574   -0.3216   -0.4785   -0.9252   -0.5844    0.3471    0.3471    0.9252    0.5573   -0.8471   -0.9278   -0.5915    1.0000    0.3471   -0.1865   -0.7339   -0.1098   -0.8844    0.0121   -0.5261   -0.5311
delta        -0.7179   -0.7179   -0.9635   -0.9699    0.7638    0.2497   -0.9875    0.0631    0.0796    0.9732   -0.0921    0.1131    0.2059   -0.7427   -0.7418   -0.9191    0.5772    0.5772    0.5772    0.1091    0.0923   -0.2082   -0.9464    1.0000    1.0000    0.2082    0.9214    0.1907   -0.0381    0.4829    0.3471    1.0000    0.8194   -0.8799   -0.0355   -0.0952    0.0631    0.5966    0.5999
In           -0.2032   -0.2032   -0.6397   -0.6590    0.9826    0.7588   -0.7928    0.0394    0.3493    0.6976   -0.4468    0.1648    0.6512   -0.2966   -0.2954   -0.5637    0.1013    0.1013    0.1013    0.1149    0.2078    0.3492   -0.6124    0.8194    0.8194   -0.3492    0.5496    0.6477    0.4613    0.8465   -0.1865    0.8194    1.0000   -0.4784    0.0713    0.2831    0.0394    0.9100    0.8957
Welf          0.9431    0.9431    0.9682    0.9632   -0.4091    0.1987    0.9031   -0.0407    0.3062   -0.9534   -0.2910    0.1070    0.1828    0.9550    0.9547    0.9920   -0.8687   -0.8687   -0.8687    0.0782    0.1691    0.6028    0.9786   -0.8799   -0.8799   -0.6028   -0.9475    0.2880    0.4996   -0.0600   -0.7339   -0.8799   -0.4784    1.0000    0.1933    0.4924   -0.0407   -0.1770   -0.1776
a             0.2735    0.2735    0.1018    0.0973   -0.0359    0.1812    0.1637    0.1318    0.0895   -0.1924   -0.0977    0.0177   -0.0129    0.0913    0.0912    0.1122   -0.0675   -0.0675   -0.0675    0.0177    0.0340   -0.0051    0.2046   -0.0355   -0.0355    0.0051   -0.1564    0.1855    0.2915   -0.0393   -0.1098   -0.0355    0.0713    0.1933    1.0000    0.0358    0.1318   -0.0558   -0.0555
ksi           0.5322    0.5322    0.2813    0.2659    0.3614    0.6090    0.1380    0.0163    0.9539   -0.2344   -0.7922    0.6742    0.6396    0.7021    0.7030    0.4528   -0.8276   -0.8276   -0.8276    0.6259    0.7410    0.7872    0.3107   -0.0952   -0.0952   -0.7872   -0.2256    0.8573    0.8733    0.6606   -0.8844   -0.0952    0.2831    0.4924    0.0358    1.0000    0.0163    0.6176    0.6539
g             0.0194    0.0194   -0.0436   -0.0440    0.0842    0.0167   -0.0337    1.0000    0.0340    0.0429    0.0095    0.0190    0.0004   -0.0259   -0.0259   -0.0354    0.0180    0.0180    0.0180    0.0210    0.0182   -0.0051   -0.0340    0.0631    0.0631    0.0051    0.0619    0.0792    0.0906    0.0251    0.0121    0.0631    0.0394   -0.0407    0.1318    0.0163    1.0000    0.0384    0.0412
infl          0.0673    0.0673   -0.3755   -0.3976    0.9518    0.8661   -0.5718    0.0384    0.6408    0.4603   -0.6466    0.3291    0.7950    0.0678    0.0690   -0.2515   -0.2767   -0.2767   -0.2767    0.2657    0.3956    0.6353   -0.3580    0.5966    0.5966   -0.6353    0.3293    0.8664    0.7179    0.9582   -0.5261    0.5966    0.9100   -0.1770   -0.0558    0.6176    0.0384    1.0000    0.9963
inflstar      0.0504    0.0504   -0.3836   -0.4050    0.9374    0.8411   -0.5720    0.0412    0.6879    0.4629   -0.6747    0.4013    0.7751    0.0757    0.0770   -0.2489   -0.2884   -0.2884   -0.2884    0.3410    0.4635    0.6270   -0.3632    0.5999    0.5999   -0.6270    0.3489    0.8735    0.7248    0.9507   -0.5311    0.5999    0.8957   -0.1776   -0.0555    0.6539    0.0412    0.9963    1.0000


AUTOCORRELATION OF SIMULATED VARIABLES

VARIABLE      1       2       3       4       5   
Y           0.9744  0.9222  0.8563  0.7856  0.7156
Ym          0.9744  0.9222  0.8563  0.7856  0.7156
K           0.9929  0.9772  0.9549  0.9282  0.8984
Keff        0.9935  0.9789  0.9581  0.9328  0.9043
L           0.9728  0.9190  0.8509  0.7766  0.7006
I           0.9562  0.8650  0.7491  0.6245  0.5013
C           0.9966  0.9888  0.9764  0.9600  0.9403
G           0.9534  0.9113  0.8702  0.8326  0.7917
Q           0.5862  0.3386  0.1630  0.0538 -0.0242
varrho      0.9926  0.9816  0.9654  0.9447  0.9203
Lambda      0.2968  0.3773  0.3272  0.2787  0.2310
Rk         -0.0885 -0.0205 -0.0342 -0.0082 -0.0220
R           0.7428  0.6480  0.5477  0.4298  0.3415
N           0.9098  0.8375  0.7731  0.7189  0.6706
Ne          0.9095  0.8370  0.7724  0.7181  0.6697
Nn          0.9705  0.9453  0.9196  0.8941  0.8675
nu          0.8600  0.7475  0.6487  0.5682  0.4992
eta         0.8600  0.7475  0.6487  0.5682  0.4992
phi         0.8600  0.7475  0.6487  0.5682  0.4992
z          -0.0976 -0.0417 -0.0569 -0.0296 -0.0429
x          -0.0443  0.0203  0.0057  0.0239  0.0039
Pm          0.8743  0.7763  0.6698  0.5614  0.4555
w           0.9896  0.9744  0.9534  0.9280  0.8994
VMPK        0.9956  0.9856  0.9701  0.9499  0.9258
U           0.9956  0.9856  0.9701  0.9499  0.9258
X           0.8743  0.7763  0.6698  0.5614  0.4555
D           0.9887  0.9630  0.9275  0.8857  0.8403
F           0.8360  0.6856  0.5370  0.4017  0.2796
Z           0.8378  0.6893  0.5424  0.4098  0.2918
i           0.8690  0.7627  0.6520  0.5394  0.4395
prem        0.8546  0.7213  0.5938  0.4820  0.3824
delta       0.9956  0.9856  0.9701  0.9499  0.9258
In          0.9834  0.9472  0.8987  0.8437  0.7860
Welf        0.9677  0.9372  0.9050  0.8727  0.8394
a           0.9407  0.8868  0.8385  0.7967  0.7541
ksi         0.6379  0.4185  0.2685  0.1744  0.1035
g           0.9534  0.9113  0.8702  0.8326  0.7917
infl        0.9252  0.8206  0.7106  0.6048  0.5055
inflstar    0.8959  0.7888  0.6807  0.5786  0.4824
Total computing time : 0h00m03s
