Starting Dynare (version 4.4.2).
Starting preprocessing of the model file ...
Found 42 equation(s).
Evaluating expressions...done
Computing static model derivatives:
 - order 1
Computing dynamic model derivatives:
 - order 1
Processing outputs ...done
Preprocessing completed.
Starting MATLAB/Octave computing.

SOLVE: maxit has been reached
{Error using <a href="matlab:helpUtils.errorDocCallback('print_info', '/Applications/Dynare/4.4.2/matlab/print_info.m', 74)" style="font-weight:bold">print_info</a> (<a href="matlab: opentoline('/Applications/Dynare/4.4.2/matlab/print_info.m',74,0)">line 74</a>)
Impossible to find the steady state. Either the model doesn't have a steady state,
there are an infinity of steady states,  or the guess values are too far from the
solution

Error in <a href="matlab:helpUtils.errorDocCallback('check', '/Applications/Dynare/4.4.2/matlab/check.m', 76)" style="font-weight:bold">check</a> (<a href="matlab: opentoline('/Applications/Dynare/4.4.2/matlab/check.m',76,0)">line 76</a>)
    print_info(info, 0, options);

Error in <a href="matlab:helpUtils.errorDocCallback('FA', '/Users/max/Documents/matlab/master_thesis_models/time_varying_unconventional_DSGE/FA.m', 490)" style="font-weight:bold">FA</a> (<a href="matlab: opentoline('/Users/max/Documents/matlab/master_thesis_models/time_varying_unconventional_DSGE/FA.m',490,0)">line 490</a>)
oo_.dr.eigval = check(M_,options_,oo_);

Error in <a href="matlab:helpUtils.errorDocCallback('dynare', '/Applications/Dynare/4.4.2/matlab/dynare.m', 180)" style="font-weight:bold">dynare</a> (<a href="matlab: opentoline('/Applications/Dynare/4.4.2/matlab/dynare.m',180,0)">line 180</a>)
evalin('base',fname) ;
} 
clear
dynare FA.mod

Configuring Dynare ...
[mex] Generalized QZ.
[mex] Sylvester equation solution.
[mex] Kronecker products.
[mex] Sparse kronecker products.
[mex] Local state space iteration (second order).
[mex] Bytecode evaluation.
[mex] k-order perturbation solver.
[mex] k-order solution simulation.
[mex] Quasi Monte-Carlo sequence (Sobol).
[mex] Markov Switching SBVAR.

Starting Dynare (version 4.4.2).
Starting preprocessing of the model file ...
Found 42 equation(s).
Evaluating expressions...done
Computing static model derivatives:
 - order 1
Computing dynamic model derivatives:
 - order 1
Processing outputs ...done
Preprocessing completed.
Starting MATLAB/Octave computing.


EIGENVALUES:
         Modulus             Real        Imaginary

       5.136e-17       -5.136e-17                0
       3.806e-16        3.806e-16                0
       8.273e-16        8.273e-16                0
        7.35e-15         7.35e-15                0
       8.242e-15        8.242e-15                0
         0.07465          0.07465                0
          0.5762           0.5762                0
            0.66             0.66                0
           0.779            0.779                0
          0.8828           0.8771           0.1006
          0.8828           0.8771          -0.1006
            0.95             0.95                0
            0.95             0.95                0
          0.9525           0.9525                0
            1.01             1.01                0
            1.01             1.01                0
           1.019            1.019                0
           1.057            1.057                0
           1.191            1.181           0.1518
           1.191            1.181          -0.1518
           1.248            1.248                0
           1.297            1.297                0
           47.01           -47.01                0
       2.546e+12        2.546e+12                0
       1.901e+17       -1.901e+17                0
        1.54e+18         1.54e+18                0
       8.381e+18        8.381e+18                0
       6.359e+20       -6.359e+20                0


There are 14 eigenvalue(s) larger than 1 in modulus 
for 14 forward-looking variable(s)

The rank condition is verified.


STEADY-STATE RESULTS:

Y        		 -0.163949
Ym       		 -0.163949
K        		 1.7337
Keff     		 1.7337
L        		 -1.09861
I        		 -1.95518
C        		 -0.620847
G        		 -1.77339
Q        		 0
varrho   		 0.663958
Lambda   		 0
Rk       		 0.0125223
R        		 0.0100503
N        		 0.347407
Ne       		 0.338456
Nn       		 -4.37305
nu       		 -5.58873
eta      		 0.412785
phi      		 1.38629
z        		 0.0199017
x        		 0.0199017
Pm       		 -0.274412
w        		 0.259774
VMPK     		 -3.28072
U        		 0
X        		 0.274412
D        		 0
F        		 1.03659
Z        		 1.311
i        		 0.0100503
prem     		 0.00247194
delta    		 -3.68888
In       		 0
Welf     		 -296.621
a        		 0
ksi      		 0
g        		 0
infl     		 0
inflstar 		 0
u        		 -2.96621
ev       		 -0.337131
v        		 -2.96621

MODEL SUMMARY

  Number of variables:         42
  Number of stochastic shocks: 5
  Number of state variables:   14
  Number of jumpers:           14
  Number of static variables:  17


MATRIX OF COVARIANCE OF EXOGENOUS SHOCKS

Variables      e_a      e_ksi      e_g      e_Ne       e_i   
e_a          0.000000  0.000000  0.000000  0.000000  0.000000
e_ksi        0.000000  0.002500  0.000000  0.000000  0.000000
e_g          0.000000  0.000000  0.000000  0.000000  0.000000
e_Ne         0.000000  0.000000  0.000000  0.000000  0.000000
e_i          0.000000  0.000000  0.000000  0.000000  0.000000

POLICY AND TRANSITION FUNCTIONS
                                Y               Ym              K               Keff            L               I               C               G               Q               varrho          Lambda          Rk              R               N               Ne              Nn              nu              eta             phi             z               x               Pm              w               VMPK            U               X               D               F               Z               i               prem            delta           In              Welf            a               ksi             g               infl            inflstar        u               ev              v       
Constant                   -0.163949       -0.163949        1.733701        1.733701       -1.098612       -1.955178       -0.620847       -1.773387               0        0.663958               0        0.012522        0.010050        0.347407        0.338456       -4.373048       -5.588728        0.412785        1.386294        0.019902        0.019902       -0.274412        0.259774       -3.280724               0        0.274412               0        1.036590        1.311002        0.010050        0.002472       -3.688879               0     -296.620688               0               0               0               0               0       -2.966207       -0.337131       -2.966207
K(-1)                      -0.105483       -0.105483        0.949804        1.000000       -0.596520       -1.171091        0.141813               0       -1.158182       -0.871225       -0.871225       -1.172786        0.058024       -4.616565       -4.656652       -0.158182        6.427345        4.344556        4.408187       -4.656652       -0.248465        0.215548        0.706585       -0.889935       -0.108529       -0.215548               0        0.264162        0.024137        0.129085        0.169274       -0.163232       -0.284191        8.599769               0               0               0        0.068094        0.308119        1.267370       -0.008418        0.085998
Q(-1)                      -0.373469       -0.373469       -0.058188               0       -0.521361       -2.437634        0.052142               0       -1.787446       -0.064978       -0.064978       -2.784775       -0.039961      -10.974597      -11.057201       -1.787445       16.891636        8.961736        9.128963      -11.057201       -1.928238       -0.226809       -0.078917       -0.600278       -0.073205        0.226809               0       -0.611855       -0.658034       -0.008700        0.709155       -0.110103       -0.329437       -4.613983               0               0               0        0.013101        0.059279        0.719561        0.006123       -0.046140
varrho(-1)                         0               0               0               0               0               0               0               0               0               0       -1.000000               0               0               0               0               0               0               0               0               0               0               0               0               0               0               0               0               0               0               0               0               0               0               0               0               0               0               0               0               0               0               0
R(-1)                      -0.279410       -0.279410       -0.043533               0       -0.390055       -1.823712        0.039010               0       -1.337275       -0.048613       -0.048613       -1.335276       -0.029896       -8.210627       -8.272427       -1.337274       12.637450        6.704708        6.829818       -8.272427       -1.442608       -0.169686       -0.059042       -0.449097       -0.054768        0.169686               0       -0.457759       -0.492307       -0.006509        0.530553       -0.082373       -0.246468       -3.451943               0               0               0        0.009801        0.044349        0.538338        0.004581       -0.034519
N(-1)                       0.094059        0.094059        0.014655               0        0.131306        0.613922       -0.013132               0        0.450171        0.016365        0.016365        0.449498        0.010064        2.763971        2.784775        0.450171       -4.254187       -2.257028       -2.299145        1.784775       -0.514370        0.057122        0.019875        0.151181        0.018437       -0.057122               0        0.154097        0.165727        0.002191       -0.178602        0.027730        0.082969        1.162039               0               0               0       -0.003299       -0.014930       -0.181223       -0.001542        0.011620
phi(-1)                     0.000922        0.000922        0.000144               0        0.001287        0.006018       -0.000129               0        0.004413        0.000160        0.000160        0.004406        0.000099        0.027095        0.027299        0.004413       -0.041704       -0.022126       -0.022538        0.027299       -0.995239        0.000560        0.000195        0.001482        0.000181       -0.000560               0        0.001511        0.001625        0.000021       -0.001751        0.000272        0.000813        0.011391               0               0               0       -0.000032       -0.000146       -0.001777       -0.000015        0.000114
D(-1)                      -0.297831        0.481169       -0.022503               0        0.773775       -1.069944       -0.188573               0       -1.834754        2.692207        2.692207       -1.842110       -0.299015       -7.265437       -7.314265       -1.834753       15.848607        5.251278        5.408179       -7.314265       -1.906086       -1.407038       -2.478645       -1.704870       -0.112911        1.407038        0.779000       -2.167993       -1.730590       -0.362015        1.672094       -0.169823       -0.127403       -3.838919               0               0               0       -0.124090       -0.561493       -1.668941        0.002491       -0.038389
a(-1)                       0.512117        0.512117        0.037179               0       -0.792868        1.912568        0.305074               0        2.125837       -3.331019       -3.331019        2.175003        0.396759        8.578035        8.636049        2.125836      -18.843336       -6.228470       -6.415019        8.636049        2.221029        1.807203        3.112188        2.319320        0.282844       -1.807203               0        3.278894        2.537189        0.541530       -1.854224        0.425409        0.210491       26.302036        0.950000               0               0        0.210420        0.952125        2.314708       -0.027539        0.263020
ksi(-1)                     0.390064        0.390064        0.692144        0.660000        0.248548        1.971900        0.096708               0        1.633038       -0.485402       -0.485402        2.277364        0.093447        8.982335        9.042480        2.293037      -13.252014       -6.525959       -6.657154        9.042481        2.385327        0.412485        0.554001        0.142549        0.017384       -0.412485               0        0.930460        0.720254        0.141013       -0.504060        0.026146        0.181985       25.854900               0        0.660000               0        0.059635        0.269841        0.314074       -0.029322        0.258549
g(-1)                       0.184801        0.184801        0.002261               0        0.273773        0.096716       -0.033679        0.950000       -0.042908        0.315213        0.315213       -0.041262       -0.034389       -0.162755       -0.163833       -0.042908        0.953321        0.112671        0.122109       -0.163833       -0.041724       -0.150680       -0.239651        0.034121        0.004161        0.150680               0       -0.091665       -0.011301       -0.053034        0.123307        0.006259        0.012803       -3.741753               0               0        0.950000       -0.022799       -0.103164       -0.411896        0.003823       -0.037418
C(-1)                       0.494519        0.494519        0.015364               0        0.791549        0.451308        0.662083               0       -0.440121        1.900075        1.900075       -0.463664       -0.318179       -1.828535       -1.841019       -0.440120        8.144347        1.323150        1.403779       -1.841019       -0.437240       -1.384577       -1.681608       -0.890058       -0.108544        1.384577               0       -1.951730       -1.182304       -0.500498        1.097308       -0.163254        0.086985       -0.358233               0               0               0       -0.218284       -0.987710       -1.491130       -0.001301       -0.003582
In(-1)                      0.752784        0.752784        0.123037               0        1.141443        4.866874       -0.092842               0       -1.561593        1.754245        1.754245       -1.551868       -0.225023       -6.120842       -6.161835       -1.561592       12.891490        4.554660        4.682286       -6.161835       -1.479549       -1.050548       -1.439207       -0.297764       -0.036313        1.050548               0       -1.135885       -0.784274       -0.280945        1.146028       -0.054616        0.696584        1.822374               0               0               0       -0.099751       -0.451362       -1.460159       -0.003769        0.018224
infl(-1)                   -0.237078       -0.237078       -0.019908               0       -0.224785       -1.190429       -0.060905               0       -1.804872        1.861882        1.861882       -1.852470       -0.089757       -7.305940       -7.355401       -1.804872       13.848258        5.344062        5.481160       -7.355401       -1.874242       -1.911629       -1.923923       -2.148707       -0.262037        1.911629               0       -1.925924       -1.516775       -0.051565        1.970991       -0.394115       -0.112710       -0.323740               0               0               0        0.124926       -0.284223       -0.140499        0.000210       -0.003237
e_a                        -0.539071       -0.539071       -0.039136               0        0.834598       -2.013230       -0.321131               0       -2.237723        3.506336        3.506336       -2.289477       -0.417641       -9.029511       -9.090577       -2.237722       19.835090        6.556284        6.752652       -9.090578       -2.337925       -1.902319       -3.275987       -2.441390       -0.297730        1.902319               0       -3.451467       -2.670725       -0.570031        1.951815       -0.447799       -0.221570      -27.686354       -1.000000               0               0       -0.221494       -1.002237       -2.436535        0.028988       -0.276864
e_ksi                      -0.591006       -0.591006       -1.048703       -1.000000       -0.376588       -2.987728       -0.146527               0       -2.474300        0.735457        0.735457       -3.450551       -0.141587      -13.609599      -13.700728       -3.474298       20.078810        9.887816       10.086596      -13.700728       -3.614132       -0.624978       -0.839395       -0.215984       -0.026339        0.624978               0       -1.409788       -1.091294       -0.213656        0.763728       -0.039616       -0.275734      -39.174091               0       -1.000000               0       -0.090356       -0.408850       -0.475870        0.044428       -0.391741
e_g                        -0.194527       -0.194527       -0.002380               0       -0.288182       -0.101806        0.035451       -1.000000        0.045166       -0.331803       -0.331803        0.043433        0.036199        0.171321        0.172456        0.045166       -1.003496       -0.118601       -0.128535        0.172456        0.043920        0.158610        0.252265       -0.035917       -0.004380       -0.158610               0        0.096490        0.011895        0.055825       -0.129797       -0.006588       -0.013477        3.938687               0               0       -1.000000        0.023999        0.108594        0.433575       -0.004024        0.039387
e_Ne                       -0.094059       -0.094059       -0.014655               0       -0.131306       -0.613922        0.013132               0       -0.450171       -0.016365       -0.016365       -0.449498       -0.010064       -2.763971       -2.784775       -0.450171        4.254187        2.257028        2.299145       -1.784775        0.514370       -0.057122       -0.019875       -0.151181       -0.018437        0.057122               0       -0.154097       -0.165727       -0.002191        0.178602       -0.027730       -0.082969       -1.162039               0               0               0        0.003299        0.014930        0.181223        0.001542       -0.011620
e_i                        -0.679652       -0.679652       -0.054629               0       -0.604786       -3.436000       -0.168468               0       -5.796838        6.047829        6.047829       -5.947050       -0.245215      -23.454538      -23.613303       -5.796835       44.648019       17.161055       17.603071      -23.613303       -6.010232       -6.139885       -6.214750       -6.819537       -0.831651        6.139885               0       -5.950637       -4.885916       -0.220573        7.432025       -1.250836       -0.309286       -0.736400               0               0               0       -0.302058       -1.366779       -0.402883        0.000383       -0.007364


MOMENTS OF SIMULATED VARIABLES

VARIABLE      MEAN      STD. DEV.   VARIANCE    SKEWNESS    KURTOSIS  
Y            -0.158658    0.153306    0.023503   -0.074890    0.008624
Ym           -0.158658    0.153306    0.023503   -0.074890    0.008624
K             1.766284    0.705527    0.497769   -0.329572    0.434695
Keff          1.767500    0.725577    0.526462   -0.336659    0.456584
L            -1.105671    0.161343    0.026032    0.244572    0.079794
I            -1.975163    0.728172    0.530235    0.293715   -0.090256
C            -0.607230    0.271344    0.073628   -0.389699    0.660671
G            -1.773387    0.000000    0.000000    1.082488   -1.781196
Q             0.000659    0.146790    0.021547   -0.042774    0.168484
varrho        0.649329    0.308645    0.095262    0.338968    0.510143
Lambda        0.000175    0.043461    0.001889    0.010928    0.067618
Rk            0.012214    0.172546    0.029772   -0.102740    0.172440
R             0.009990    0.010524    0.000111    0.205442    0.110472
N             0.419724    1.813674    3.289413   -0.230063    0.271076
Ne            0.411113    1.823460    3.325005   -0.229534    0.270183
Nn           -4.338591    0.751760    0.565143   -0.341121    0.503359
nu           -5.673079    2.308702    5.330105    0.167839    0.184005
eta           0.374545    1.092190    1.192878    0.138995    0.144502
phi           1.347219    1.114990    1.243203    0.139622    0.145320
z             0.018427    0.691143    0.477678   -0.100430    0.165090
x             0.019646    0.179716    0.032298   -0.100185    0.170435
Pm           -0.274079    0.035628    0.001269   -0.014046    0.173907
w             0.272455    0.272397    0.074200   -0.332574    0.482314
VMPK         -3.308900    0.585381    0.342670    0.351965    0.515860
U            -0.003436    0.071388    0.005096    0.351965    0.515860
X             0.274079    0.035628    0.001269    0.014046    0.173907
D             0.000000    0.000000    0.000000   -0.410164    0.754883
F             1.038795    0.138296    0.019126    0.183428    0.066082
Z             1.313897    0.117209    0.013738    0.066510    0.012568
i             0.009709    0.019712    0.000389    0.295398    0.088140
prem          0.001540    0.045463    0.002067    0.063994    0.224015
delta        -3.694047    0.107370    0.011528    0.351965    0.515860
In           -0.006881    0.150291    0.022588    0.280705    0.175553
Welf       -296.241209    8.752662   76.609092   -0.288820    0.355148
a            -0.000000    0.000000    0.000000    0.506430    0.855807
ksi           0.000791    0.068592    0.004705    0.030862    0.146760
g             0.000000    0.000000    0.000000   -0.503587    0.480848
infl         -0.000255    0.011063    0.000122    0.340348    0.062937
inflstar     -0.000946    0.041690    0.001738    0.309501    0.042136
u            -2.947177    0.397676    0.158147   -0.339691    0.508561
ev           -0.337545    0.009631    0.000093    0.281206    0.337918
v            -2.962412    0.087527    0.007661   -0.288820    0.355148


CORRELATION OF SIMULATED VARIABLES

VARIABLE       Y        Ym         K       Keff        L         I         C         G         Q      varrho    Lambda      Rk         R         N        Ne        Nn        nu        eta       phi        z         x        Pm         w       VMPK        U         X         D         F         Z         i       prem      delta      In       Welf        a        ksi        g       infl    inflstar      u        ev         v    
Y             1.0000    1.0000    0.8868    0.8754   -0.3490    0.2343    0.7266   -0.1660    0.3368   -0.7965   -0.3043    0.0685    0.5963    0.9556    0.9557    0.9106   -0.9521   -0.9489   -0.9490    0.0232    0.1525    0.5799    0.8454   -0.7878   -0.7878   -0.5799    0.5540    0.8827    0.9421    0.4742   -0.6677   -0.7878   -0.3578    0.9475   -0.7465    0.6251   -0.2164    0.4077    0.3878    0.7607   -0.9524    0.9475
Ym            1.0000    1.0000    0.8868    0.8754   -0.3490    0.2343    0.7266   -0.1660    0.3368   -0.7965   -0.3043    0.0685    0.5963    0.9556    0.9557    0.9106   -0.9521   -0.9489   -0.9490    0.0232    0.1525    0.5799    0.8454   -0.7878   -0.7878   -0.5799    0.5540    0.8827    0.9421    0.4742   -0.6677   -0.7878   -0.3578    0.9475   -0.7465    0.6251   -0.2164    0.4077    0.3878    0.7607   -0.9524    0.9475
K             0.8868    0.8868    1.0000    0.9997   -0.7426   -0.2383    0.9596   -0.0701    0.0920   -0.9821   -0.0925   -0.0307    0.2637    0.9108    0.9104    0.9828   -0.8685   -0.8360   -0.8367   -0.0594    0.0111    0.4010    0.9914   -0.9825   -0.9825   -0.4010    0.8615    0.6208    0.7441    0.0703   -0.5183   -0.9825   -0.7472    0.9758   -0.9506    0.3551   -0.0221   -0.0241   -0.0389    0.9735   -0.9720    0.9758
Keff          0.8754    0.8754    0.9997    1.0000   -0.7586   -0.2618    0.9660   -0.0646    0.0804   -0.9858   -0.0809   -0.0347    0.2447    0.9034    0.9030    0.9809   -0.8593   -0.8256   -0.8263   -0.0624    0.0046    0.3898    0.9930   -0.9865   -0.9865   -0.3898    0.8729    0.6034    0.7293    0.0485   -0.5084   -0.9865   -0.7631    0.9715   -0.9557    0.3402   -0.0096   -0.0470   -0.0613    0.9786   -0.9672    0.9715
L            -0.3490   -0.3490   -0.7426   -0.7586    1.0000    0.8234   -0.8933   -0.0991    0.2908    0.8383   -0.2469    0.1502    0.3237   -0.4655   -0.4646   -0.6754    0.3852    0.3243    0.3255    0.1427    0.1874    0.0178   -0.7864    0.8499    0.8499   -0.0178   -0.9454    0.0168   -0.1469    0.5411    0.0929    0.8499    0.9971   -0.6073    0.8458    0.1772   -0.2724    0.6380    0.6381   -0.8721    0.5923   -0.6073
I             0.2343    0.2343   -0.2383   -0.2618    0.8234    1.0000   -0.4976   -0.2035    0.4440    0.3921   -0.4435    0.1748    0.6974    0.0716    0.0724   -0.1660   -0.1523   -0.2099   -0.2087    0.1396    0.2634    0.3530   -0.3097    0.4074    0.4074   -0.3530   -0.6695    0.5432    0.4051    0.8574   -0.2725    0.4074    0.8235   -0.0705    0.4432    0.5130   -0.4904    0.9238    0.9084   -0.4478    0.0523   -0.0705
C             0.7266    0.7266    0.9596    0.9660   -0.8933   -0.4976    1.0000   -0.0043   -0.0132   -0.9877    0.0419   -0.0624    0.0391    0.8020    0.8015    0.9298   -0.7419   -0.6982   -0.6992   -0.0780   -0.0501    0.2680    0.9731   -0.9908   -0.9908   -0.2680    0.9674    0.4037    0.5543   -0.1828   -0.4032   -0.9908   -0.9012    0.8951   -0.9792    0.1952    0.1535   -0.2891   -0.2959    0.9952   -0.8867    0.8951
G            -0.1660   -0.1660   -0.0701   -0.0646   -0.0991   -0.2035   -0.0043    1.0000   -0.0847    0.0268    0.0575    0.0253   -0.1696   -0.1211   -0.1213   -0.0789    0.1320    0.1417    0.1415    0.0379   -0.0024   -0.0906   -0.0466    0.0311    0.0311    0.0906    0.0475   -0.1887   -0.1740   -0.1900    0.0916    0.0311   -0.0986   -0.1018    0.0179   -0.1426    0.1182   -0.2014   -0.1903   -0.0155    0.1055   -0.1018
Q             0.3368    0.3368    0.0920    0.0804    0.2908    0.4440   -0.0132   -0.0847    1.0000   -0.0713   -0.5851    0.7498    0.7748    0.4763    0.4770    0.2729   -0.5443   -0.5858   -0.5849    0.7214    0.7950    0.8485    0.1283    0.0402    0.0402   -0.8485   -0.0675    0.6503    0.5956    0.6849   -0.8653    0.0402    0.2454    0.2923    0.0201    0.9392    0.0209    0.5859    0.6382    0.0089   -0.3046    0.2923
varrho       -0.7965   -0.7965   -0.9821   -0.9858    0.8383    0.3921   -0.9877    0.0268   -0.0713    1.0000    0.0737   -0.0259   -0.1840   -0.8655   -0.8650   -0.9654    0.8168    0.7762    0.7771   -0.0045   -0.0485   -0.3916   -0.9960    0.9895    0.9895    0.3916   -0.9214   -0.5238   -0.6588    0.0379    0.5060    0.9895    0.8425   -0.9407    0.9612   -0.2957   -0.0447    0.1501    0.1545   -0.9971    0.9342   -0.9407
Lambda       -0.3043   -0.3043   -0.0925   -0.0809   -0.2469   -0.4435    0.0419    0.0575   -0.5851    0.0737    1.0000   -0.8519   -0.7035   -0.3420   -0.3425   -0.1923    0.4032    0.4212    0.4208   -0.8400   -0.8813   -0.7553   -0.1238   -0.0254   -0.0254    0.7553    0.1556   -0.5868   -0.5208   -0.6564    0.6786   -0.0254   -0.2463   -0.2198   -0.0455   -0.5720    0.2568   -0.5770   -0.6353   -0.0107    0.2288   -0.2198
Rk            0.0685    0.0685   -0.0307   -0.0347    0.1502    0.1748   -0.0624    0.0253    0.7498   -0.0259   -0.8519    1.0000    0.5952    0.2444    0.2448    0.1129   -0.3037   -0.3185   -0.3183    0.9984    0.9936    0.7979    0.0539    0.1096    0.1096   -0.7979   -0.0838    0.3966    0.3438    0.4836   -0.7373    0.1096    0.1325    0.1021    0.0996    0.6079   -0.0052    0.3604    0.4449   -0.0290   -0.1079    0.1021
R             0.5963    0.5963    0.2637    0.2447    0.3237    0.6974    0.0391   -0.1696    0.7748   -0.1840   -0.7035    0.5952    1.0000    0.5956    0.5963    0.3875   -0.6693   -0.7006   -0.6999    0.5498    0.6759    0.8993    0.2615   -0.0924   -0.0924   -0.8993   -0.1581    0.9015    0.8211    0.9626   -0.8363   -0.0924    0.3204    0.4493   -0.0205    0.8802   -0.5078    0.9021    0.9212    0.1123   -0.4634    0.4493
N             0.9556    0.9556    0.9108    0.9034   -0.4655    0.0716    0.8020   -0.1211    0.4763   -0.8655   -0.3420    0.2444    0.5956    1.0000    1.0000    0.9649   -0.9952   -0.9874   -0.9876    0.2038    0.3102    0.6964    0.9046   -0.8271   -0.8271   -0.6964    0.6699    0.8596    0.9346    0.4121   -0.7978   -0.8271   -0.4846    0.9786   -0.7999    0.7068   -0.0818    0.3027    0.3043    0.8291   -0.9817    0.9786
Ne            0.9557    0.9557    0.9104    0.9030   -0.4646    0.0724    0.8015   -0.1213    0.4770   -0.8650   -0.3425    0.2448    0.5963    1.0000    1.0000    0.9647   -0.9953   -0.9875   -0.9877    0.2043    0.3107    0.6968    0.9042   -0.8265   -0.8265   -0.6968    0.6693    0.8600    0.9349    0.4129   -0.7982   -0.8265   -0.4838    0.9784   -0.7994    0.7074   -0.0821    0.3035    0.3051    0.8286   -0.9815    0.9784
Nn            0.9106    0.9106    0.9828    0.9809   -0.6754   -0.1660    0.9298   -0.0789    0.2729   -0.9654   -0.1923    0.1129    0.3875    0.9649    0.9647    1.0000   -0.9356   -0.9112   -0.9117    0.0807    0.1597    0.5419    0.9834   -0.9443   -0.9443   -0.5419    0.8293    0.7094    0.8202    0.1805   -0.6597   -0.9443   -0.6886    0.9948   -0.9185    0.5118   -0.0052    0.0690    0.0654    0.9462   -0.9930    0.9948
nu           -0.9521   -0.9521   -0.8685   -0.8593    0.3852   -0.1523   -0.7419    0.1320   -0.5443    0.8168    0.4032   -0.3037   -0.6693   -0.9952   -0.9953   -0.9356    1.0000    0.9975    0.9976   -0.2610   -0.3742   -0.7528   -0.8625    0.7699    0.7699    0.7528   -0.5990   -0.9016   -0.9612   -0.4951    0.8419    0.7699    0.4049   -0.9553    0.7399   -0.7661    0.1204   -0.3861   -0.3908   -0.7742    0.9600   -0.9553
eta          -0.9489   -0.9489   -0.8360   -0.8256    0.3243   -0.2099   -0.6982    0.1417   -0.5858    0.7762    0.4212   -0.3185   -0.7006   -0.9874   -0.9875   -0.9112    0.9975    1.0000    1.0000   -0.2745   -0.3932   -0.7675   -0.8265    0.7281    0.7281    0.7675   -0.5525   -0.9201   -0.9711   -0.5365    0.8561    0.7281    0.3465   -0.9354    0.7015   -0.8020    0.1219   -0.4314   -0.4364   -0.7306    0.9413   -0.9354
phi          -0.9490   -0.9490   -0.8367   -0.8263    0.3255   -0.2087   -0.6992    0.1415   -0.5849    0.7771    0.4208   -0.3183   -0.6999   -0.9876   -0.9877   -0.9117    0.9976    1.0000    1.0000   -0.2742   -0.3929   -0.7673   -0.8273    0.7290    0.7290    0.7673   -0.5535   -0.9198   -0.9710   -0.5357    0.8558    0.7290    0.3478   -0.9358    0.7023   -0.8013    0.1219   -0.4305   -0.4355   -0.7315    0.9417   -0.9358
z             0.0232    0.0232   -0.0594   -0.0624    0.1427    0.1396   -0.0780    0.0379    0.7214   -0.0045   -0.8400    0.9984    0.5498    0.2038    0.2043    0.0807   -0.2610   -0.2745   -0.2742    1.0000    0.9860    0.7639    0.0284    0.1299    0.1299   -0.7639   -0.0874    0.3463    0.2951    0.4393   -0.7025    0.1299    0.1252    0.0658    0.1154    0.5657    0.0226    0.3168    0.4032   -0.0478   -0.0709    0.0658
x             0.1525    0.1525    0.0111    0.0046    0.1874    0.2634   -0.0501   -0.0024    0.7950   -0.0485   -0.8813    0.9936    0.6759    0.3102    0.3107    0.1597   -0.3742   -0.3932   -0.3929    0.9860    1.0000    0.8467    0.0856    0.0858    0.0858   -0.8467   -0.0949    0.4893    0.4312    0.5705   -0.7885    0.0858    0.1688    0.1588    0.0811    0.6803   -0.0534    0.4505    0.5304   -0.0119   -0.1663    0.1588
Pm            0.5799    0.5799    0.4010    0.3898    0.0178    0.3530    0.2680   -0.0906    0.8485   -0.3916   -0.7553    0.7979    0.8993    0.6964    0.6968    0.5419   -0.7528   -0.7675   -0.7673    0.7639    0.8467    1.0000    0.4466   -0.2705   -0.2705   -1.0000    0.1356    0.8366    0.8047    0.7578   -0.9738   -0.2705    0.0030    0.5628   -0.2278    0.8958   -0.2561    0.6318    0.6803    0.3254   -0.5717    0.5628
w             0.8454    0.8454    0.9914    0.9930   -0.7864   -0.3097    0.9731   -0.0466    0.1283   -0.9960   -0.1238    0.0539    0.2615    0.9046    0.9042    0.9834   -0.8625   -0.8265   -0.8273    0.0284    0.0856    0.4466    1.0000   -0.9822   -0.9822   -0.4466    0.8895    0.5962    0.7224    0.0455   -0.5582   -0.9822   -0.7916    0.9666   -0.9509    0.3640    0.0061   -0.0658   -0.0707    0.9872   -0.9616    0.9666
VMPK         -0.7878   -0.7878   -0.9825   -0.9865    0.8499    0.4074   -0.9908    0.0311    0.0402    0.9895   -0.0254    0.1096   -0.0924   -0.8271   -0.8265   -0.9443    0.7699    0.7281    0.7290    0.1299    0.0858   -0.2705   -0.9822    1.0000    1.0000    0.2705   -0.9286   -0.4658   -0.6083    0.1102    0.3961    1.0000    0.8524   -0.9218    0.9753   -0.2035   -0.0603    0.2035    0.2190   -0.9939    0.9146   -0.9218
U            -0.7878   -0.7878   -0.9825   -0.9865    0.8499    0.4074   -0.9908    0.0311    0.0402    0.9895   -0.0254    0.1096   -0.0924   -0.8271   -0.8265   -0.9443    0.7699    0.7281    0.7290    0.1299    0.0858   -0.2705   -0.9822    1.0000    1.0000    0.2705   -0.9286   -0.4658   -0.6083    0.1102    0.3961    1.0000    0.8524   -0.9218    0.9753   -0.2035   -0.0603    0.2035    0.2190   -0.9939    0.9146   -0.9218
X            -0.5799   -0.5799   -0.4010   -0.3898   -0.0178   -0.3530   -0.2680    0.0906   -0.8485    0.3916    0.7553   -0.7979   -0.8993   -0.6964   -0.6968   -0.5419    0.7528    0.7675    0.7673   -0.7639   -0.8467   -1.0000   -0.4466    0.2705    0.2705    1.0000   -0.1356   -0.8366   -0.8047   -0.7578    0.9738    0.2705   -0.0030   -0.5628    0.2278   -0.8958    0.2561   -0.6318   -0.6803   -0.3254    0.5717   -0.5628
D             0.5540    0.5540    0.8615    0.8729   -0.9454   -0.6695    0.9674    0.0475   -0.0675   -0.9214    0.1556   -0.0838   -0.1581    0.6699    0.6693    0.8293   -0.5990   -0.5525   -0.5535   -0.0874   -0.0949    0.1356    0.8895   -0.9286   -0.9286   -0.1356    1.0000    0.2003    0.3662   -0.3891   -0.2921   -0.9286   -0.9617    0.7737   -0.9483    0.0757    0.3495   -0.4986   -0.4973    0.9411   -0.7626    0.7737
F             0.8827    0.8827    0.6208    0.6034    0.0168    0.5432    0.4037   -0.1887    0.6503   -0.5238   -0.5868    0.3966    0.9015    0.8596    0.8600    0.7094   -0.9016   -0.9201   -0.9198    0.3463    0.4893    0.8366    0.5962   -0.4658   -0.4658   -0.8366    0.2003    1.0000    0.9847    0.8155   -0.8525   -0.4658    0.0073    0.7652   -0.4094    0.8606   -0.3822    0.7442    0.7464    0.4619   -0.7765    0.7652
Z             0.9421    0.9421    0.7441    0.7293   -0.1469    0.4051    0.5543   -0.1740    0.5956   -0.6588   -0.5208    0.3438    0.8211    0.9346    0.9349    0.8202   -0.9612   -0.9711   -0.9710    0.2951    0.4312    0.8047    0.7224   -0.6083   -0.6083   -0.8047    0.3662    0.9847    1.0000    0.7024   -0.8504   -0.6083   -0.1591    0.8646   -0.5598    0.8248   -0.2975    0.6184    0.6190    0.6039   -0.8735    0.8646
i             0.4742    0.4742    0.0703    0.0485    0.5411    0.8574   -0.1828   -0.1900    0.6849    0.0379   -0.6564    0.4836    0.9626    0.4121    0.4129    0.1805   -0.4951   -0.5365   -0.5357    0.4393    0.5705    0.7578    0.0455    0.1102    0.1102   -0.7578   -0.3891    0.8155    0.7024    1.0000   -0.6682    0.1102    0.5437    0.2596    0.1847    0.7815   -0.5874    0.9845    0.9918   -0.1082   -0.2760    0.2596
prem         -0.6677   -0.6677   -0.5183   -0.5084    0.0929   -0.2725   -0.4032    0.0916   -0.8653    0.5060    0.6786   -0.7373   -0.8363   -0.7978   -0.7982   -0.6597    0.8419    0.8561    0.8558   -0.7025   -0.7885   -0.9738   -0.5582    0.3961    0.3961    0.9738   -0.2921   -0.8525   -0.8504   -0.6682    1.0000    0.3961    0.1205   -0.6730    0.3796   -0.9285    0.1006   -0.5324   -0.5786   -0.4442    0.6811   -0.6730
delta        -0.7878   -0.7878   -0.9825   -0.9865    0.8499    0.4074   -0.9908    0.0311    0.0402    0.9895   -0.0254    0.1096   -0.0924   -0.8271   -0.8265   -0.9443    0.7699    0.7281    0.7290    0.1299    0.0858   -0.2705   -0.9822    1.0000    1.0000    0.2705   -0.9286   -0.4658   -0.6083    0.1102    0.3961    1.0000    0.8524   -0.9218    0.9753   -0.2035   -0.0603    0.2035    0.2190   -0.9939    0.9146   -0.9218
In           -0.3578   -0.3578   -0.7472   -0.7631    0.9971    0.8235   -0.9012   -0.0986    0.2454    0.8425   -0.2463    0.1325    0.3204   -0.4846   -0.4838   -0.6886    0.4049    0.3465    0.3478    0.1252    0.1688    0.0030   -0.7916    0.8524    0.8524   -0.0030   -0.9617    0.0073   -0.1591    0.5437    0.1205    0.8524    1.0000   -0.6190    0.8584    0.1399   -0.3236    0.6451    0.6427   -0.8753    0.6043   -0.6190
Welf          0.9475    0.9475    0.9758    0.9715   -0.6073   -0.0705    0.8951   -0.1018    0.2923   -0.9407   -0.2198    0.1021    0.4493    0.9786    0.9784    0.9948   -0.9553   -0.9354   -0.9358    0.0658    0.1588    0.5628    0.9666   -0.9218   -0.9218   -0.5628    0.7737    0.7652    0.8646    0.2596   -0.6730   -0.9218   -0.6190    1.0000   -0.8889    0.5485   -0.0687    0.1574    0.1493    0.9172   -0.9998    1.0000
a            -0.7465   -0.7465   -0.9506   -0.9557    0.8458    0.4432   -0.9792    0.0179    0.0201    0.9612   -0.0455    0.0996   -0.0205   -0.7999   -0.7994   -0.9185    0.7399    0.7015    0.7023    0.1154    0.0811   -0.2278   -0.9509    0.9753    0.9753    0.2278   -0.9483   -0.4094   -0.5598    0.1847    0.3796    0.9753    0.8584   -0.8889    1.0000   -0.1930   -0.2640    0.2805    0.2901   -0.9677    0.8815   -0.8889
ksi           0.6251    0.6251    0.3551    0.3402    0.1772    0.5130    0.1952   -0.1426    0.9392   -0.2957   -0.5720    0.6079    0.8802    0.7068    0.7074    0.5118   -0.7661   -0.8020   -0.8013    0.5657    0.6803    0.8958    0.3640   -0.2035   -0.2035   -0.8958    0.0757    0.8606    0.8248    0.7815   -0.9285   -0.2035    0.1399    0.5485   -0.1930    1.0000   -0.1317    0.6879    0.7183    0.2305   -0.5613    0.5485
g            -0.2164   -0.2164   -0.0221   -0.0096   -0.2724   -0.4904    0.1535    0.1182    0.0209   -0.0447    0.2568   -0.0052   -0.5078   -0.0818   -0.0821   -0.0052    0.1204    0.1219    0.1219    0.0226   -0.0534   -0.2561    0.0061   -0.0603   -0.0603    0.2561    0.3495   -0.3822   -0.2975   -0.5874    0.1006   -0.0603   -0.3236   -0.0687   -0.2640   -0.1317    1.0000   -0.6290   -0.5984    0.0707    0.0750   -0.0687
infl          0.4077    0.4077   -0.0241   -0.0470    0.6380    0.9238   -0.2891   -0.2014    0.5859    0.1501   -0.5770    0.3604    0.9021    0.3027    0.3035    0.0690   -0.3861   -0.4314   -0.4305    0.3168    0.4505    0.6318   -0.0658    0.2035    0.2035   -0.6318   -0.4986    0.7442    0.6184    0.9845   -0.5324    0.2035    0.6451    0.1574    0.2805    0.6879   -0.6290    1.0000    0.9956   -0.2159   -0.1744    0.1574
inflstar      0.3878    0.3878   -0.0389   -0.0613    0.6381    0.9084   -0.2959   -0.1903    0.6382    0.1545   -0.6353    0.4449    0.9212    0.3043    0.3051    0.0654   -0.3908   -0.4364   -0.4355    0.4032    0.5304    0.6803   -0.0707    0.2190    0.2190   -0.6803   -0.4973    0.7464    0.6190    0.9918   -0.5786    0.2190    0.6427    0.1493    0.2901    0.7183   -0.5984    0.9956    1.0000   -0.2230   -0.1663    0.1493
