Starting Dynare (version 4.4.2).
Starting preprocessing of the model file ...
Found 42 equation(s).
Evaluating expressions...done
Computing static model derivatives:
 - order 1
Computing dynamic model derivatives:
 - order 1
Processing outputs ...done
Preprocessing completed.
Starting MATLAB/Octave computing.

SOLVE: maxit has been reached
{Error using <a href="matlab:helpUtils.errorDocCallback('print_info', '/Applications/Dynare/4.4.2/matlab/print_info.m', 74)" style="font-weight:bold">print_info</a> (<a href="matlab: opentoline('/Applications/Dynare/4.4.2/matlab/print_info.m',74,0)">line 74</a>)
Impossible to find the steady state. Either the model doesn't have a steady state, there are an
infinity of steady states,  or the guess values are too far from the solution

Error in <a href="matlab:helpUtils.errorDocCallback('check', '/Applications/Dynare/4.4.2/matlab/check.m', 76)" style="font-weight:bold">check</a> (<a href="matlab: opentoline('/Applications/Dynare/4.4.2/matlab/check.m',76,0)">line 76</a>)
    print_info(info, 0, options);

Error in <a href="matlab:helpUtils.errorDocCallback('FA', '/Users/max/Documents/matlab/master_thesis_models/time_varying_unconventional_DSGE/FA.m', 490)" style="font-weight:bold">FA</a> (<a href="matlab: opentoline('/Users/max/Documents/matlab/master_thesis_models/time_varying_unconventional_DSGE/FA.m',490,0)">line 490</a>)
oo_.dr.eigval = check(M_,options_,oo_);

Error in <a href="matlab:helpUtils.errorDocCallback('dynare', '/Applications/Dynare/4.4.2/matlab/dynare.m', 180)" style="font-weight:bold">dynare</a> (<a href="matlab: opentoline('/Applications/Dynare/4.4.2/matlab/dynare.m',180,0)">line 180</a>)
evalin('base',fname) ;
} 
log(exp(log(0.53)) - hh*exp(log(0.53))) - chi/(1+varphi) * exp(log(0.33))^(1+varphi)

ans =

   -2.9719

log(exp(log(0.53)) - hh*exp(log(0.53))) - chi/(1+varphi) * exp(log(0.33))^(1+varphi)

ans =

   -2.9719

dynare FA.mod

Configuring Dynare ...
[mex] Generalized QZ.
[mex] Sylvester equation solution.
[mex] Kronecker products.
[mex] Sparse kronecker products.
[mex] Local state space iteration (second order).
[mex] Bytecode evaluation.
[mex] k-order perturbation solver.
[mex] k-order solution simulation.
[mex] Quasi Monte-Carlo sequence (Sobol).
[mex] Markov Switching SBVAR.

Starting Dynare (version 4.4.2).
Starting preprocessing of the model file ...
Found 42 equation(s).
Evaluating expressions...done
Computing static model derivatives:
 - order 1
Computing dynamic model derivatives:
 - order 1
Processing outputs ...done
Preprocessing completed.
Starting MATLAB/Octave computing.


EIGENVALUES:
         Modulus             Real        Imaginary

       5.136e-17       -5.136e-17                0
       3.806e-16        3.806e-16                0
       8.273e-16        8.273e-16                0
        7.35e-15         7.35e-15                0
       8.242e-15        8.242e-15                0
         0.07465          0.07465                0
          0.5762           0.5762                0
            0.66             0.66                0
           0.779            0.779                0
          0.8828           0.8771           0.1006
          0.8828           0.8771          -0.1006
            0.95             0.95                0
            0.95             0.95                0
          0.9525           0.9525                0
            1.01             1.01                0
            1.01             1.01                0
           1.019            1.019                0
           1.057            1.057                0
           1.191            1.181           0.1518
           1.191            1.181          -0.1518
           1.248            1.248                0
           1.297            1.297                0
           47.01           -47.01                0
       2.546e+12        2.546e+12                0
       1.901e+17       -1.901e+17                0
        1.54e+18         1.54e+18                0
       8.381e+18        8.381e+18                0
       6.359e+20       -6.359e+20                0


There are 14 eigenvalue(s) larger than 1 in modulus 
for 14 forward-looking variable(s)

The rank condition is verified.


STEADY-STATE RESULTS:

Y        		 -0.163949
Ym       		 -0.163949
K        		 1.7337
Keff     		 1.7337
L        		 -1.09861
I        		 -1.95518
C        		 -0.620847
G        		 -1.77339
Q        		 0
varrho   		 0.663958
Lambda   		 0
Rk       		 0.0125223
R        		 0.0100503
N        		 0.347407
Ne       		 0.338456
Nn       		 -4.37305
nu       		 -5.58873
eta      		 0.412785
phi      		 1.38629
z        		 0.0199017
x        		 0.0199017
Pm       		 -0.274412
w        		 0.259774
VMPK     		 -3.28072
U        		 0
X        		 0.274412
D        		 0
F        		 1.03659
Z        		 1.311
i        		 0.0100503
prem     		 0.00247194
delta    		 -3.68888
In       		 0
Welf     		 -296.621
a        		 0
ksi      		 0
g        		 0
infl     		 0
inflstar 		 0
u        		 -2.96621
ev       		 -0.337131
v        		 -2.96621

MODEL SUMMARY

  Number of variables:         42
  Number of stochastic shocks: 5
  Number of state variables:   14
  Number of jumpers:           14
  Number of static variables:  17


MATRIX OF COVARIANCE OF EXOGENOUS SHOCKS

Variables      e_a      e_ksi      e_g      e_Ne       e_i   
e_a          0.000100  0.000000  0.000000  0.000000  0.000000
e_ksi        0.000000  0.002500  0.000000  0.000000  0.000000
e_g          0.000000  0.000000  0.000100  0.000000  0.000000
e_Ne         0.000000  0.000000  0.000000  0.000100  0.000000
e_i          0.000000  0.000000  0.000000  0.000000  0.000100

POLICY AND TRANSITION FUNCTIONS
                                Y               Ym              K               Keff            L               I               C               G               Q               varrho          Lambda          Rk              R               N               Ne              Nn              nu              eta             phi             z               x               Pm              w               VMPK            U               X               D               F               Z               i               prem            delta           In              Welf            a               ksi             g               infl            inflstar        u               ev              v       
Constant                   -0.163949       -0.163949        1.733701        1.733701       -1.098612       -1.955178       -0.620847       -1.773387               0        0.663958               0        0.012522        0.010050        0.347407        0.338456       -4.373048       -5.588728        0.412785        1.386294        0.019902        0.019902       -0.274412        0.259774       -3.280724               0        0.274412               0        1.036590        1.311002        0.010050        0.002472       -3.688879               0     -296.620688               0               0               0               0               0       -2.966207       -0.337131       -2.966207
K(-1)                      -0.105483       -0.105483        0.949804        1.000000       -0.596520       -1.171091        0.141813               0       -1.158182       -0.871225       -0.871225       -1.172786        0.058024       -4.616565       -4.656652       -0.158182        6.427345        4.344556        4.408187       -4.656652       -0.248465        0.215548        0.706585       -0.889935       -0.108529       -0.215548               0        0.264162        0.024137        0.129085        0.169274       -0.163232       -0.284191        8.599769               0               0               0        0.068094        0.308119        1.267370       -0.008418        0.085998
Q(-1)                      -0.373469       -0.373469       -0.058188               0       -0.521361       -2.437634        0.052142               0       -1.787446       -0.064978       -0.064978       -2.784775       -0.039961      -10.974597      -11.057201       -1.787445       16.891636        8.961736        9.128963      -11.057201       -1.928238       -0.226809       -0.078917       -0.600278       -0.073205        0.226809               0       -0.611855       -0.658034       -0.008700        0.709155       -0.110103       -0.329437       -4.613983               0               0               0        0.013101        0.059279        0.719561        0.006123       -0.046140
varrho(-1)                         0               0               0               0               0               0               0               0               0               0       -1.000000               0               0               0               0               0               0               0               0               0               0               0               0               0               0               0               0               0               0               0               0               0               0               0               0               0               0               0               0               0               0               0
R(-1)                      -0.279410       -0.279410       -0.043533               0       -0.390055       -1.823712        0.039010               0       -1.337275       -0.048613       -0.048613       -1.335276       -0.029896       -8.210627       -8.272427       -1.337274       12.637450        6.704708        6.829818       -8.272427       -1.442608       -0.169686       -0.059042       -0.449097       -0.054768        0.169686               0       -0.457759       -0.492307       -0.006509        0.530553       -0.082373       -0.246468       -3.451943               0               0               0        0.009801        0.044349        0.538338        0.004581       -0.034519
N(-1)                       0.094059        0.094059        0.014655               0        0.131306        0.613922       -0.013132               0        0.450171        0.016365        0.016365        0.449498        0.010064        2.763971        2.784775        0.450171       -4.254187       -2.257028       -2.299145        1.784775       -0.514370        0.057122        0.019875        0.151181        0.018437       -0.057122               0        0.154097        0.165727        0.002191       -0.178602        0.027730        0.082969        1.162039               0               0               0       -0.003299       -0.014930       -0.181223       -0.001542        0.011620
phi(-1)                     0.000922        0.000922        0.000144               0        0.001287        0.006018       -0.000129               0        0.004413        0.000160        0.000160        0.004406        0.000099        0.027095        0.027299        0.004413       -0.041704       -0.022126       -0.022538        0.027299       -0.995239        0.000560        0.000195        0.001482        0.000181       -0.000560               0        0.001511        0.001625        0.000021       -0.001751        0.000272        0.000813        0.011391               0               0               0       -0.000032       -0.000146       -0.001777       -0.000015        0.000114
D(-1)                      -0.297831        0.481169       -0.022503               0        0.773775       -1.069944       -0.188573               0       -1.834754        2.692207        2.692207       -1.842110       -0.299015       -7.265437       -7.314265       -1.834753       15.848607        5.251278        5.408179       -7.314265       -1.906086       -1.407038       -2.478645       -1.704870       -0.112911        1.407038        0.779000       -2.167993       -1.730590       -0.362015        1.672094       -0.169823       -0.127403       -3.838919               0               0               0       -0.124090       -0.561493       -1.668941        0.002491       -0.038389
a(-1)                       0.512117        0.512117        0.037179               0       -0.792868        1.912568        0.305074               0        2.125837       -3.331019       -3.331019        2.175003        0.396759        8.578035        8.636049        2.125836      -18.843336       -6.228470       -6.415019        8.636049        2.221029        1.807203        3.112188        2.319320        0.282844       -1.807203               0        3.278894        2.537189        0.541530       -1.854224        0.425409        0.210491       26.302036        0.950000               0               0        0.210420        0.952125        2.314708       -0.027539        0.263020
ksi(-1)                     0.390064        0.390064        0.692144        0.660000        0.248548        1.971900        0.096708               0        1.633038       -0.485402       -0.485402        2.277364        0.093447        8.982335        9.042480        2.293037      -13.252014       -6.525959       -6.657154        9.042481        2.385327        0.412485        0.554001        0.142549        0.017384       -0.412485               0        0.930460        0.720254        0.141013       -0.504060        0.026146        0.181985       25.854900               0        0.660000               0        0.059635        0.269841        0.314074       -0.029322        0.258549
g(-1)                       0.184801        0.184801        0.002261               0        0.273773        0.096716       -0.033679        0.950000       -0.042908        0.315213        0.315213       -0.041262       -0.034389       -0.162755       -0.163833       -0.042908        0.953321        0.112671        0.122109       -0.163833       -0.041724       -0.150680       -0.239651        0.034121        0.004161        0.150680               0       -0.091665       -0.011301       -0.053034        0.123307        0.006259        0.012803       -3.741753               0               0        0.950000       -0.022799       -0.103164       -0.411896        0.003823       -0.037418
C(-1)                       0.494519        0.494519        0.015364               0        0.791549        0.451308        0.662083               0       -0.440121        1.900075        1.900075       -0.463664       -0.318179       -1.828535       -1.841019       -0.440120        8.144347        1.323150        1.403779       -1.841019       -0.437240       -1.384577       -1.681608       -0.890058       -0.108544        1.384577               0       -1.951730       -1.182304       -0.500498        1.097308       -0.163254        0.086985       -0.358233               0               0               0       -0.218284       -0.987710       -1.491130       -0.001301       -0.003582
In(-1)                      0.752784        0.752784        0.123037               0        1.141443        4.866874       -0.092842               0       -1.561593        1.754245        1.754245       -1.551868       -0.225023       -6.120842       -6.161835       -1.561592       12.891490        4.554660        4.682286       -6.161835       -1.479549       -1.050548       -1.439207       -0.297764       -0.036313        1.050548               0       -1.135885       -0.784274       -0.280945        1.146028       -0.054616        0.696584        1.822374               0               0               0       -0.099751       -0.451362       -1.460159       -0.003769        0.018224
infl(-1)                   -0.237078       -0.237078       -0.019908               0       -0.224785       -1.190429       -0.060905               0       -1.804872        1.861882        1.861882       -1.852470       -0.089757       -7.305940       -7.355401       -1.804872       13.848258        5.344062        5.481160       -7.355401       -1.874242       -1.911629       -1.923923       -2.148707       -0.262037        1.911629               0       -1.925924       -1.516775       -0.051565        1.970991       -0.394115       -0.112710       -0.323740               0               0               0        0.124926       -0.284223       -0.140499        0.000210       -0.003237
e_a                        -0.539071       -0.539071       -0.039136               0        0.834598       -2.013230       -0.321131               0       -2.237723        3.506336        3.506336       -2.289477       -0.417641       -9.029511       -9.090577       -2.237722       19.835090        6.556284        6.752652       -9.090578       -2.337925       -1.902319       -3.275987       -2.441390       -0.297730        1.902319               0       -3.451467       -2.670725       -0.570031        1.951815       -0.447799       -0.221570      -27.686354       -1.000000               0               0       -0.221494       -1.002237       -2.436535        0.028988       -0.276864
e_ksi                      -0.591006       -0.591006       -1.048703       -1.000000       -0.376588       -2.987728       -0.146527               0       -2.474300        0.735457        0.735457       -3.450551       -0.141587      -13.609599      -13.700728       -3.474298       20.078810        9.887816       10.086596      -13.700728       -3.614132       -0.624978       -0.839395       -0.215984       -0.026339        0.624978               0       -1.409788       -1.091294       -0.213656        0.763728       -0.039616       -0.275734      -39.174091               0       -1.000000               0       -0.090356       -0.408850       -0.475870        0.044428       -0.391741
e_g                        -0.194527       -0.194527       -0.002380               0       -0.288182       -0.101806        0.035451       -1.000000        0.045166       -0.331803       -0.331803        0.043433        0.036199        0.171321        0.172456        0.045166       -1.003496       -0.118601       -0.128535        0.172456        0.043920        0.158610        0.252265       -0.035917       -0.004380       -0.158610               0        0.096490        0.011895        0.055825       -0.129797       -0.006588       -0.013477        3.938687               0               0       -1.000000        0.023999        0.108594        0.433575       -0.004024        0.039387
e_Ne                       -0.094059       -0.094059       -0.014655               0       -0.131306       -0.613922        0.013132               0       -0.450171       -0.016365       -0.016365       -0.449498       -0.010064       -2.763971       -2.784775       -0.450171        4.254187        2.257028        2.299145       -1.784775        0.514370       -0.057122       -0.019875       -0.151181       -0.018437        0.057122               0       -0.154097       -0.165727       -0.002191        0.178602       -0.027730       -0.082969       -1.162039               0               0               0        0.003299        0.014930        0.181223        0.001542       -0.011620
e_i                        -0.679652       -0.679652       -0.054629               0       -0.604786       -3.436000       -0.168468               0       -5.796838        6.047829        6.047829       -5.947050       -0.245215      -23.454538      -23.613303       -5.796835       44.648019       17.161055       17.603071      -23.613303       -6.010232       -6.139885       -6.214750       -6.819537       -0.831651        6.139885               0       -5.950637       -4.885916       -0.220573        7.432025       -1.250836       -0.309286       -0.736400               0               0               0       -0.302058       -1.366779       -0.402883        0.000383       -0.007364


MOMENTS OF SIMULATED VARIABLES

VARIABLE      MEAN      STD. DEV.   VARIANCE    SKEWNESS    KURTOSIS  
Y            -0.140144    0.137536    0.018916   -0.226121   -0.201890
Ym           -0.140144    0.137536    0.018916   -0.226121   -0.201890
K             1.877592    0.585273    0.342544   -0.390351   -0.343099
Keff          1.882617    0.600920    0.361104   -0.395383   -0.341719
L            -1.129516    0.138800    0.019265    0.309342   -0.317557
I            -2.029825    0.659757    0.435279    0.202139   -0.002824
C            -0.561139    0.226546    0.051323   -0.423945   -0.223895
G            -1.781171    0.032754    0.001073   -0.376459   -0.036787
Q             0.004872    0.157739    0.024882   -0.118998    0.040205
varrho        0.598603    0.270584    0.073216    0.342061   -0.196628
Lambda        0.000141    0.112622    0.012684   -0.015649    0.005151
Rk            0.013055    0.204758    0.041926   -0.002883    0.033192
R             0.010061    0.011538    0.000133    0.028805    0.190532
N             0.678047    1.577358    2.488060   -0.279487   -0.207758
Ne            0.670686    1.586139    2.515837   -0.279094   -0.207396
Nn           -4.219261    0.629470    0.396233   -0.373861   -0.280148
nu           -5.980846    2.074745    4.304567    0.219948   -0.163015
eta           0.234789    0.978416    0.957297    0.215736   -0.136629
phi           1.204416    0.998869    0.997739    0.215865   -0.137283
z             0.020147    0.824801    0.680296    0.001742    0.041987
x             0.021085    0.210380    0.044260   -0.007127    0.014910
Pm           -0.272295    0.073786    0.005444   -0.032262    0.054799
w             0.316600    0.242323    0.058721   -0.325774   -0.175657
VMPK         -3.403718    0.486207    0.236398    0.387995   -0.334699
U            -0.014999    0.059294    0.003516    0.387995   -0.334699
X             0.272295    0.073786    0.005444    0.032262    0.054799
D             0.000000    0.000000    0.000000   -0.435446   -0.204805
F             1.048064    0.147983    0.021899   -0.049314    0.041218
Z             1.324757    0.123267    0.015195   -0.103155   -0.000888
i             0.009064    0.019932    0.000397    0.117175    0.195566
prem         -0.002203    0.089112    0.007941    0.032311    0.086424
delta        -3.711439    0.089180    0.007953    0.387995   -0.334699
In           -0.028450    0.126802    0.016079    0.328834   -0.352095
Welf       -294.868053    7.427997   55.175137   -0.333182   -0.298876
a             0.000318    0.029270    0.000857   -0.051811    0.254329
ksi           0.004740    0.065051    0.004232   -0.094344    0.001715
g            -0.007784    0.032754    0.001073   -0.376459   -0.036787
infl         -0.000849    0.010978    0.000121    0.150948    0.179490
inflstar     -0.003131    0.042650    0.001819    0.118270    0.182293
u            -2.880877    0.333575    0.111272   -0.385847   -0.273899
ev           -0.339045    0.008186    0.000067    0.327939   -0.299645
v            -2.948681    0.074280    0.005518   -0.333182   -0.298876


CORRELATION OF SIMULATED VARIABLES

VARIABLE       Y        Ym         K       Keff        L         I         C         G         Q      varrho    Lambda      Rk         R         N        Ne        Nn        nu        eta       phi        z         x        Pm         w       VMPK        U         X         D         F         Z         i       prem      delta      In       Welf        a        ksi        g       infl    inflstar      u        ev         v    
Y             1.0000    1.0000    0.8584    0.8451   -0.2489    0.3464    0.6914    0.0360    0.3230   -0.7575   -0.1333    0.0685    0.5500    0.9167    0.9166    0.8877   -0.8958   -0.8934   -0.8936    0.0324    0.1338    0.3165    0.8065   -0.7135   -0.7135   -0.3165    0.4983    0.8021    0.8568    0.4901   -0.3570   -0.7135   -0.2407    0.9379    0.2415    0.5893    0.0360    0.4543    0.4240    0.7245   -0.9432    0.9379
Ym            1.0000    1.0000    0.8584    0.8451   -0.2489    0.3464    0.6914    0.0360    0.3230   -0.7575   -0.1333    0.0685    0.5500    0.9167    0.9166    0.8877   -0.8958   -0.8934   -0.8936    0.0324    0.1338    0.3165    0.8065   -0.7135   -0.7135   -0.3165    0.4983    0.8021    0.8568    0.4901   -0.3570   -0.7135   -0.2407    0.9379    0.2415    0.5893    0.0360    0.4543    0.4240    0.7245   -0.9432    0.9379
K             0.8584    0.8584    1.0000    0.9996   -0.6840   -0.1552    0.9445   -0.0528    0.0661   -0.9344   -0.0357   -0.0324    0.2335    0.8709    0.8704    0.9709   -0.8073   -0.7782   -0.7789   -0.0542   -0.0010    0.1847    0.9353   -0.9646   -0.9646   -0.1847    0.8287    0.5266    0.6296    0.0994   -0.2379   -0.9646   -0.6888    0.9645    0.0794    0.3084   -0.0528    0.0327    0.0160    0.9578   -0.9599    0.9645
Keff          0.8451    0.8451    0.9996    1.0000   -0.7030   -0.1819    0.9521   -0.0538    0.0541   -0.9383   -0.0307   -0.0363    0.2152    0.8618    0.8612    0.9682   -0.7964   -0.7659   -0.7666   -0.0571   -0.0071    0.1782    0.9366   -0.9698   -0.9698   -0.1782    0.8421    0.5092    0.6144    0.0770   -0.2317   -0.9698   -0.7082    0.9590    0.0778    0.2918   -0.0538    0.0089   -0.0066    0.9639   -0.9539    0.9590
L            -0.2489   -0.2489   -0.6840   -0.7030    1.0000    0.8080   -0.8633    0.1104    0.3143    0.7700   -0.0973    0.1390    0.2799   -0.3413   -0.3404   -0.5924    0.2518    0.1864    0.1878    0.1302    0.1765    0.0407   -0.7017    0.8046    0.8046   -0.0407   -0.9214    0.0769   -0.0509    0.4827   -0.0118    0.8046    0.9865   -0.5273   -0.1219    0.2651    0.1104    0.5776    0.5627   -0.8446    0.5098   -0.5273
I             0.3464    0.3464   -0.1552   -0.1819    0.8080    1.0000   -0.4369    0.0460    0.4445    0.2914   -0.1903    0.1602    0.6408    0.1924    0.1932   -0.0622   -0.2700   -0.3256   -0.3245    0.1292    0.2354    0.2250   -0.1976    0.3569    0.3569   -0.2250   -0.6280    0.5598    0.4608    0.8063   -0.2058    0.3569    0.8229    0.0388    0.0544    0.5604    0.0460    0.8707    0.8347   -0.3810   -0.0583    0.0388
C             0.6914    0.6914    0.9445    0.9521   -0.8633   -0.4369    1.0000   -0.0464   -0.0329   -0.9522    0.0175   -0.0577    0.0377    0.7329    0.7321    0.9007   -0.6535   -0.6081   -0.6091   -0.0686   -0.0528    0.1311    0.9268   -0.9613   -0.9613   -0.1311    0.9610    0.3386    0.4664   -0.1468   -0.1843   -0.9613   -0.8647    0.8716    0.1837    0.1344   -0.0464   -0.2309   -0.2325    0.9903   -0.8616    0.8716
G             0.0360    0.0360   -0.0528   -0.0538    0.1104    0.0460   -0.0464    1.0000    0.0373    0.0552    0.0141    0.0116   -0.0412   -0.0338   -0.0337   -0.0420    0.0357    0.0281    0.0282    0.0136    0.0127   -0.0045   -0.0442    0.0759    0.0759    0.0045   -0.0365    0.0244    0.0353   -0.0368   -0.0028    0.0759    0.0624   -0.0472    0.1318    0.0163    1.0000   -0.0266   -0.0240   -0.0777    0.0456   -0.0472
Q             0.3230    0.3230    0.0661    0.0541    0.3143    0.4445   -0.0329    0.0373    1.0000   -0.1569   -0.5121    0.7554    0.7680    0.5265    0.5272    0.3022   -0.6127   -0.6351   -0.6347    0.7313    0.7880    0.7277    0.2249    0.1350    0.1350   -0.7277   -0.0870    0.7151    0.6713    0.6852   -0.7479    0.1350    0.2777    0.2800    0.0629    0.8678    0.0373    0.6446    0.7068    0.0018   -0.2916    0.2800
varrho       -0.7575   -0.7575   -0.9344   -0.9383    0.7700    0.2914   -0.9522    0.0552   -0.1569    1.0000    0.2082   -0.1236   -0.2785   -0.8202   -0.8196   -0.9351    0.7749    0.7217    0.7229   -0.1061   -0.1355   -0.4069   -0.9949    0.8836    0.8836    0.4069   -0.8720   -0.5627   -0.6687   -0.0757    0.4445    0.8836    0.7560   -0.8994   -0.2398   -0.2429    0.0552   -0.0085   -0.0220   -0.9710    0.8915   -0.8994
Lambda       -0.1333   -0.1333   -0.0357   -0.0307   -0.0973   -0.1903    0.0175    0.0141   -0.5121    0.2082    1.0000   -0.7536   -0.5201   -0.2685   -0.2688   -0.1576    0.3473    0.3216    0.3222   -0.7535   -0.7539   -0.7486   -0.2478   -0.1134   -0.1134    0.7486    0.0692   -0.5210   -0.4867   -0.4191    0.7231   -0.1134   -0.1083   -0.0990   -0.0333   -0.2405    0.0141   -0.4053   -0.5055   -0.0349    0.1016   -0.0990
Rk            0.0685    0.0685   -0.0324   -0.0363    0.1390    0.1602   -0.0577    0.0116    0.7554   -0.1236   -0.7536    1.0000    0.5978    0.3031    0.3036    0.1546   -0.3816   -0.3782   -0.3783    0.9988    0.9949    0.6590    0.1599    0.1642    0.1642   -0.6590   -0.0781    0.4810    0.4380    0.4857   -0.6424    0.1642    0.1259    0.1030    0.0164    0.5462    0.0116    0.3954    0.5048   -0.0111   -0.1078    0.1030
R             0.5500    0.5500    0.2335    0.2152    0.2799    0.6408    0.0377   -0.0412    0.7680   -0.2785   -0.5201    0.5978    1.0000    0.6029    0.6036    0.3979   -0.6883   -0.6940   -0.6940    0.5612    0.6527    0.6682    0.3553   -0.0090   -0.0090   -0.6682   -0.1553    0.8907    0.8290    0.9621   -0.6377   -0.0090    0.3284    0.4380    0.2429    0.7746   -0.0412    0.9023    0.9265    0.1427   -0.4496    0.4380
N             0.9167    0.9167    0.8709    0.8618   -0.3413    0.1924    0.7329   -0.0338    0.5265   -0.8202   -0.2685    0.3031    0.6029    1.0000    1.0000    0.9546   -0.9915   -0.9855   -0.9857    0.2703    0.3549    0.4798    0.8619   -0.7330   -0.7330   -0.4798    0.5824    0.8182    0.8730    0.4814   -0.5335   -0.7330   -0.3634    0.9506    0.0434    0.7033   -0.0338    0.4169    0.4230    0.7675   -0.9543    0.9506
Ne            0.9166    0.9166    0.8704    0.8612   -0.3404    0.1932    0.7321   -0.0337    0.5272   -0.8196   -0.2688    0.3036    0.6036    1.0000    1.0000    0.9543   -0.9916   -0.9857   -0.9859    0.2708    0.3554    0.4801    0.8614   -0.7323   -0.7323   -0.4801    0.5816    0.8186    0.8733    0.4822   -0.5339   -0.7323   -0.3625    0.9503    0.0432    0.7039   -0.0337    0.4177    0.4238    0.7669   -0.9541    0.9503
Nn            0.8877    0.8877    0.9709    0.9682   -0.5924   -0.0622    0.9007   -0.0420    0.3022   -0.9351   -0.1576    0.1546    0.3979    0.9546    0.9543    1.0000   -0.9138   -0.8903   -0.8909    0.1288    0.1907    0.3525    0.9505   -0.8920   -0.8920   -0.3525    0.7821    0.6653    0.7548    0.2452   -0.4087   -0.8920   -0.6065    0.9857    0.0900    0.4960   -0.0420    0.1700    0.1708    0.9206   -0.9837    0.9857
nu           -0.8958   -0.8958   -0.8073   -0.7964    0.2518   -0.2700   -0.6535    0.0357   -0.6127    0.7749    0.3473   -0.3816   -0.6883   -0.9915   -0.9916   -0.9138    1.0000    0.9957    0.9959   -0.3472   -0.4356   -0.5673   -0.8254    0.6448    0.6448    0.5673   -0.4944   -0.8759   -0.9152   -0.5704    0.6143    0.6448    0.2712   -0.9084   -0.0451   -0.7511    0.0357   -0.5133   -0.5261   -0.6974    0.9137   -0.9084
eta          -0.8934   -0.8934   -0.7782   -0.7659    0.1864   -0.3256   -0.6081    0.0281   -0.6351    0.7217    0.3216   -0.3782   -0.6940   -0.9855   -0.9857   -0.8903    0.9957    1.0000    1.0000   -0.3430   -0.4366   -0.5337   -0.7764    0.6128    0.6128    0.5337   -0.4468   -0.8704   -0.9034   -0.5943    0.5843    0.6128    0.2129   -0.8913   -0.0114   -0.7937    0.0281   -0.5379   -0.5473   -0.6495    0.8981   -0.8913
phi          -0.8936   -0.8936   -0.7789   -0.7666    0.1878   -0.3245   -0.6091    0.0282   -0.6347    0.7229    0.3222   -0.3783   -0.6940   -0.9857   -0.9859   -0.8909    0.9959    1.0000    1.0000   -0.3431   -0.4366   -0.5345   -0.7775    0.6136    0.6136    0.5345   -0.4478   -0.8706   -0.9037   -0.5938    0.5850    0.6136    0.2141   -0.8917   -0.0121   -0.7928    0.0282   -0.5374   -0.5469   -0.6506    0.8985   -0.8917
z             0.0324    0.0324   -0.0542   -0.0571    0.1302    0.1292   -0.0686    0.0136    0.7313   -0.1061   -0.7535    0.9988    0.5612    0.2703    0.2708    0.1288   -0.3472   -0.3430   -0.3431    1.0000    0.9900    0.6414    0.1391    0.1770    0.1770   -0.6414   -0.0785    0.4425    0.4006    0.4482   -0.6244    0.1770    0.1158    0.0735    0.0067    0.5121    0.0136    0.3575    0.4696   -0.0255   -0.0778    0.0735
x             0.1338    0.1338   -0.0010   -0.0071    0.1765    0.2354   -0.0528    0.0127    0.7880   -0.1355   -0.7539    0.9949    0.6527    0.3549    0.3554    0.1907   -0.4356   -0.4366   -0.4366    0.9900    1.0000    0.6713    0.1792    0.1485    0.1485   -0.6713   -0.0932    0.5417    0.4953    0.5512   -0.6562    0.1485    0.1633    0.1481    0.0165    0.6064    0.0127    0.4638    0.5675   -0.0020   -0.1544    0.1481
Pm            0.3165    0.3165    0.1847    0.1782    0.0407    0.2250    0.1311   -0.0045    0.7277   -0.4069   -0.7486    0.6590    0.6682    0.4798    0.4801    0.3525   -0.5673   -0.5337   -0.5345    0.6414    0.6713    1.0000    0.4608    0.0210    0.0210   -1.0000    0.0572    0.7531    0.7331    0.5228   -0.9926    0.0210    0.0441    0.2842    0.1364    0.4289   -0.0045    0.5705    0.6410    0.1832   -0.2875    0.2842
w             0.8065    0.8065    0.9353    0.9366   -0.7017   -0.1976    0.9268   -0.0442    0.2249   -0.9949   -0.2478    0.1599    0.3553    0.8619    0.8614    0.9505   -0.8254   -0.7764   -0.7775    0.1391    0.1792    0.4608    1.0000   -0.8595   -0.8595   -0.4608    0.8280    0.6405    0.7387    0.1609   -0.4981   -0.8595   -0.6882    0.9209    0.2484    0.3132   -0.0442    0.1008    0.1135    0.9508   -0.9149    0.9209
VMPK         -0.7135   -0.7135   -0.9646   -0.9698    0.8046    0.3569   -0.9613    0.0759    0.1350    0.8836   -0.1134    0.1642   -0.0090   -0.7330   -0.7323   -0.8920    0.6448    0.6128    0.6136    0.1770    0.1485    0.0210   -0.8595    1.0000    1.0000   -0.0210   -0.8912   -0.2882   -0.4058    0.1228    0.0348    1.0000    0.8138   -0.8768   -0.0071   -0.1289    0.0759    0.2041    0.2254   -0.9586    0.8686   -0.8768
U            -0.7135   -0.7135   -0.9646   -0.9698    0.8046    0.3569   -0.9613    0.0759    0.1350    0.8836   -0.1134    0.1642   -0.0090   -0.7330   -0.7323   -0.8920    0.6448    0.6128    0.6136    0.1770    0.1485    0.0210   -0.8595    1.0000    1.0000   -0.0210   -0.8912   -0.2882   -0.4058    0.1228    0.0348    1.0000    0.8138   -0.8768   -0.0071   -0.1289    0.0759    0.2041    0.2254   -0.9586    0.8686   -0.8768
X            -0.3165   -0.3165   -0.1847   -0.1782   -0.0407   -0.2250   -0.1311    0.0045   -0.7277    0.4069    0.7486   -0.6590   -0.6682   -0.4798   -0.4801   -0.3525    0.5673    0.5337    0.5345   -0.6414   -0.6713   -1.0000   -0.4608   -0.0210   -0.0210    1.0000   -0.0572   -0.7531   -0.7331   -0.5228    0.9926   -0.0210   -0.0441   -0.2842   -0.1364   -0.4289    0.0045   -0.5705   -0.6410   -0.1832    0.2875   -0.2842
D             0.4983    0.4983    0.8287    0.8421   -0.9214   -0.6280    0.9610   -0.0365   -0.0870   -0.8720    0.0692   -0.0781   -0.1553    0.5824    0.5816    0.7821   -0.4944   -0.4468   -0.4478   -0.0785   -0.0932    0.0572    0.8280   -0.8912   -0.8912   -0.0572    1.0000    0.1401    0.2796   -0.3608   -0.1196   -0.8912   -0.9386    0.7287    0.1593    0.0116   -0.0365   -0.4498   -0.4376    0.9238   -0.7159    0.7287
F             0.8021    0.8021    0.5266    0.5092    0.0769    0.5598    0.3386    0.0244    0.7151   -0.5627   -0.5210    0.4810    0.8907    0.8182    0.8186    0.6653   -0.8759   -0.8704   -0.8706    0.4425    0.5417    0.7531    0.6405   -0.2882   -0.2882   -0.7531    0.1401    1.0000    0.9890    0.8141   -0.7579   -0.2882    0.0993    0.6891    0.2674    0.7440    0.0244    0.8024    0.8178    0.4112   -0.6986    0.6891
Z             0.8568    0.8568    0.6296    0.6144   -0.0509    0.4608    0.4664    0.0353    0.6713   -0.6687   -0.4867    0.4380    0.8290    0.8730    0.8733    0.7548   -0.9152   -0.9034   -0.9037    0.4006    0.4953    0.7331    0.7387   -0.4058   -0.4058   -0.7331    0.2796    0.9890    1.0000    0.7281   -0.7480   -0.4058   -0.0324    0.7722    0.2960    0.7151    0.0353    0.7094    0.7240    0.5283   -0.7797    0.7722
i             0.4901    0.4901    0.0994    0.0770    0.4827    0.8063   -0.1468   -0.0368    0.6852   -0.0757   -0.4191    0.4857    0.9621    0.4814    0.4822    0.2452   -0.5704   -0.5943   -0.5938    0.4482    0.5512    0.5228    0.1609    0.1228    0.1228   -0.5228   -0.3608    0.8141    0.7281    1.0000   -0.4862    0.1228    0.5299    0.3129    0.1654    0.7490   -0.0368    0.9665    0.9691   -0.0411   -0.3279    0.3129
prem         -0.3570   -0.3570   -0.2379   -0.2317   -0.0118   -0.2058   -0.1843   -0.0028   -0.7479    0.4445    0.7231   -0.6424   -0.6377   -0.5335   -0.5339   -0.4087    0.6143    0.5843    0.5850   -0.6244   -0.6562   -0.9926   -0.4981    0.0348    0.0348    0.9926   -0.1196   -0.7579   -0.7480   -0.4862    1.0000    0.0348    0.0004   -0.3341   -0.0934   -0.4621   -0.0028   -0.5361   -0.6057   -0.2251    0.3375   -0.3341
delta        -0.7135   -0.7135   -0.9646   -0.9698    0.8046    0.3569   -0.9613    0.0759    0.1350    0.8836   -0.1134    0.1642   -0.0090   -0.7330   -0.7323   -0.8920    0.6448    0.6128    0.6136    0.1770    0.1485    0.0210   -0.8595    1.0000    1.0000   -0.0210   -0.8912   -0.2882   -0.4058    0.1228    0.0348    1.0000    0.8138   -0.8768   -0.0071   -0.1289    0.0759    0.2041    0.2254   -0.9586    0.8686   -0.8768
In           -0.2407   -0.2407   -0.6888   -0.7082    0.9865    0.8229   -0.8647    0.0624    0.2777    0.7560   -0.1083    0.1259    0.3284   -0.3634   -0.3625   -0.6065    0.2712    0.2129    0.2141    0.1158    0.1633    0.0441   -0.6882    0.8138    0.8138   -0.0441   -0.9386    0.0993   -0.0324    0.5299    0.0004    0.8138    1.0000   -0.5274   -0.0114    0.2298    0.0624    0.6149    0.5967   -0.8317    0.5105   -0.5274
Welf          0.9379    0.9379    0.9645    0.9590   -0.5273    0.0388    0.8716   -0.0472    0.2800   -0.8994   -0.0990    0.1030    0.4380    0.9506    0.9503    0.9857   -0.9084   -0.8913   -0.8917    0.0735    0.1481    0.2842    0.9209   -0.8768   -0.8768   -0.2842    0.7287    0.6891    0.7722    0.3129   -0.3341   -0.8768   -0.5274    1.0000    0.1715    0.5298   -0.0472    0.2320    0.2188    0.8971   -0.9998    1.0000
a             0.2415    0.2415    0.0794    0.0778   -0.1219    0.0544    0.1837    0.1318    0.0629   -0.2398   -0.0333    0.0164    0.2429    0.0434    0.0432    0.0900   -0.0451   -0.0114   -0.0121    0.0067    0.0165    0.1364    0.2484   -0.0071   -0.0071   -0.1364    0.1593    0.2674    0.2960    0.1654   -0.0934   -0.0071   -0.0114    0.1715    1.0000    0.0358    0.1318    0.1031    0.0987    0.1982   -0.1693    0.1715
ksi           0.5893    0.5893    0.3084    0.2918    0.2651    0.5604    0.1344    0.0163    0.8678   -0.2429   -0.2405    0.5462    0.7746    0.7033    0.7039    0.4960   -0.7511   -0.7937   -0.7928    0.5121    0.6064    0.4289    0.3132   -0.1289   -0.1289   -0.4289    0.0116    0.7440    0.7151    0.7490   -0.4621   -0.1289    0.2298    0.5298    0.0358    1.0000    0.0163    0.6707    0.6875    0.1730   -0.5439    0.5298
g             0.0360    0.0360   -0.0528   -0.0538    0.1104    0.0460   -0.0464    1.0000    0.0373    0.0552    0.0141    0.0116   -0.0412   -0.0338   -0.0337   -0.0420    0.0357    0.0281    0.0282    0.0136    0.0127   -0.0045   -0.0442    0.0759    0.0759    0.0045   -0.0365    0.0244    0.0353   -0.0368   -0.0028    0.0759    0.0624   -0.0472    0.1318    0.0163    1.0000   -0.0266   -0.0240   -0.0777    0.0456   -0.0472
infl          0.4543    0.4543    0.0327    0.0089    0.5776    0.8707   -0.2309   -0.0266    0.6446   -0.0085   -0.4053    0.3954    0.9023    0.4169    0.4177    0.1700   -0.5133   -0.5379   -0.5374    0.3575    0.4638    0.5705    0.1008    0.2041    0.2041   -0.5705   -0.4498    0.8024    0.7094    0.9665   -0.5361    0.2041    0.6149    0.2320    0.1031    0.6707   -0.0266    1.0000    0.9912   -0.1336   -0.2479    0.2320
inflstar      0.4240    0.4240    0.0160   -0.0066    0.5627    0.8347   -0.2325   -0.0240    0.7068   -0.0220   -0.5055    0.5048    0.9265    0.4230    0.4238    0.1708   -0.5261   -0.5473   -0.5469    0.4696    0.5675    0.6410    0.1135    0.2254    0.2254   -0.6410   -0.4376    0.8178    0.7240    0.9691   -0.6057    0.2254    0.5967    0.2188    0.0987    0.6875   -0.0240    0.9912    1.0000   -0.1347   -0.2342    0.2188
